"","1","101","102","104","105","108","11","114","119","120","121","125","127","130","131","132","133","134","136","141","143","145","147","148","149","15","150","153","154","155","156","157","16","160","162","163","169","17","171","172","179","18","180","182","185","186","188","19","192","194","2","210","214","22","221","229","231","24","243","244","25","251","257","264","265","266","269","27","274","275","277","278","285","289","296","297","298","299","304","305","31","312","321","322","323","324","325","326","327","329","333","334","337","339","341","342","344","35","356","358","359","362","364","365","369","370","371","374","377","380","381","383","385","391","393","395","398","40","400","401","405","406","407","408","409","41","410","411","413","414","416","417","418","419","420","421","422","423","43","44","45","46","48","49","50","56","57","58","64","65","66","67","69","7","75","76","78","86","89","9","90","93","94","97","99"
"1",0,1559401.25839844,1362666.35202669,1620051.43498888,1611957.4770473,1346448.83819965,674882.953215531,1275421.81072629,1859682.85417829,1871971.23501056,1878875.12604632,1541877.93061357,651790.10184359,3031761.43536588,1190473.39952354,2226875.82334792,1100303.03342813,655424.039095647,658651.887116494,365337.98401027,582251.543488312,1166164.43821783,328483.413246036,743356.89629998,1007710.6353318,1032853.82583729,301714.706034303,1202760.98790653,1077398.23099303,1197984.91601629,696535.894587746,365353.032441723,1796068.19083827,680483.368432522,493189.078524065,1035463.05935863,1046829.71420363,2065111.65548058,1182176.42679977,410927.769243347,540786.701090839,2487400.80613682,884115.982439182,855977.93639615,122102.889556001,1060953.87327701,952254.121848698,566327.580199197,1066435.30348783,1833299.63731069,199605.889113041,6809663.10563615,5670243.21382305,1409870.03609536,5767391.62444822,5240841.41844769,5498423.17195268,1255758.59714039,4955060.08656235,4681313.72873915,304428.489315376,6419734.37904868,5677097.78946787,7483874.5474795,7278357.84720042,6395945.00806366,7405790.518294,794657.699302842,7760365.27688431,7640307.20417384,7829091.06449054,7231726.51220859,5907567.929904,6013955.25775156,5566953.38323516,5499126.08652277,7525354.98805769,4488471.82116029,5649012.6465331,7141819.76339043,642626.426788757,6953036.69616127,7102977.41005852,6948661.01207022,6825083.87663344,6997410.07117772,7288275.92581361,7312114.89910591,7182401.71692199,5387162.91467952,8119629.37426321,8095772.94087518,6664836.64675061,7045430.13695496,7576872.88819674,7624364.38974739,8233724.73319215,595969.070835765,495190.591738372,3941732.45596277,3874709.94547578,4034223.79258293,4166206.81687682,4231178.44941146,4071700.52763896,3971467.83477138,4315225.67651775,3259342.41292424,3829584.56125934,3657841.65740387,3718311.20261101,3703371.0880146,2806657.77588422,7966112.40172302,3745010.94885333,4621392.57559768,25.718568834171,631167.975021308,3078369.88689815,2098392.20654548,2423702.561166,7380801.8658847,7678668.63342512,2294343.38403497,7323380.87940074,1473957.20261743,7748545.95937223,8397140.28998032,7404466.9378072,7646219.80778279,5535802.51231338,4888038.68654189,7851668.5487541,7193328.52569758,7332185.47997809,4132549.42404681,7304328.88483347,7626076.28851812,1592597.47081701,1454458.93645237,1024988.40783569,901356.411213898,629159.03424907,961248.100099962,1333212.20442861,1852376.12436178,2102315.17824675,1586381.80780745,1534540.75260412,570615.584312472,494890.874577031,2214199.50765276,3289742.82191846,1020171.52282992,645567.151585913,2352677.95383844,2512420.07403694,3179041.46817311,2692846.12974596,797602.548534875,2603664.09119231,255856.096750343,1946466.06092602,926306.835948595,1542141.06142719
"101",1559401.25839844,0,6127.0855997926,3052.7947713588,48063.8952381797,36149.9486041079,17091.1822056303,11124.9955306208,5433.98327678048,21318.4701114431,9721.79804806195,0,0,34188.6083183564,10063.9157503065,79654.4121323352,65052.5072950658,0,0,34453.296203108,879.358327978123,124021.679358733,5759.3860909223,13131.2250885882,89943.3419721026,19862.1009900855,479304.13363956,44781.6336313483,29072.9919783173,9795.1611077864,2839.89052069677,278.973246624788,32032.0711917481,13400.3248696344,20003.0570828086,20550.5847637727,60234.55848595,215864.073298561,9538.40410497558,32986.7720952111,36463.7808082804,408934.758054139,29754.1895841915,27071.8873144093,53156.6841462374,523059.962918833,185001.921476616,75498.3912269006,15837.9665339808,3864114.75833703,4831.99130513752,196402.263609635,53633.060489895,40545.6622478956,48070.3591079755,65353.937595207,988.276322278976,130280.54690413,39994.96841159,36185.8843854026,13076.4123797344,48432.3794684898,388830.703974742,5688.95683164512,35968.0318170965,1136699.94892234,86963.4851854407,211992.793570525,85834.3135610508,48992.6994749922,79846.6316460185,104291.724257706,165677.631868745,77853.5967451381,215960.478173575,288394.227473537,33783.1113440611,829873.277800332,2063386.47789114,18636.2880230109,55452.0879867403,100793.342717007,18752.8308454258,35971.3005115229,56264.216568397,270759.228527155,260640.444370388,88759.5832265751,67291.1016464326,2464814.26738317,117001.578632432,147078.946011633,94978.4236009687,539593.760352506,9249.00743459979,79280.5064961252,61167.2579828578,84431.8970909487,2926980.1728814,37906.5111403892,26734.921017277,27826.5307712155,26064.5227857411,40228.8616732483,13307.6769910821,90341.4418661656,9907.90259625909,560737.073774676,10373.4036706989,30688.8391888103,24130.4569772855,0,393190.722805944,174483.401672669,91102.1419156615,107337.898625935,12241793.2399079,355767.059101432,82043.5242162497,8195515.11217751,0,91824.9680470395,180200.44245126,1956898.97471873,112723.428994585,369.222227404154,2406074.89125636,1533512.30295239,162672.627945938,179899.009495992,69593.6840227189,4660547.93863488,172617.001532514,55727.6074766582,121387.460878921,3125590.63759119,167263.46417355,167098.997214849,405.187844475418,104734.438667189,6013.98686378924,422.930526194462,61842.798732815,277.577308406906,261714.461352202,4618227.02083021,45859.1078102194,6741.37679029852,6015.28019079308,1452.14428904577,39811.2816811671,929388.746337989,102641.557542641,12804.2899504643,40559.2791536764,20376.5396555331,96680.689193028,244558.916877464,976289.885930837,6152.34171025392,40269.1159732318,66890.4702908019,175528.236556292,76873.2213476458,17057.2528948147
"102",1362666.35202669,6127.0855997926,0,9395.62767476627,25415.6834651189,12110.837359423,6254.40228777998,16218.070057092,19119.4302468684,51982.5688712669,21430.7527929261,57289.4389164962,23438.7599335972,83808.8086568776,29128.3005414265,152564.30075353,20144.9888364524,23668.7680943393,23736.3785588665,555.654915315724,24399.4392406129,75139.5051729377,34982.4939006831,32954.1195132108,43157.3965583086,7128.15634666186,401871.793362229,80111.0208706045,15908.0319834784,10210.5309490218,29185.5105493749,25583.8569085063,98207.5161983664,33726.5409546193,39830.8422969487,30379.582424984,1681.70210986758,154175.118836714,51720.9599198123,72429.6759726162,77324.7294189119,404702.438770947,24246.4359547095,7910.85868269568,14854.9127085575,419293.778429844,117252.213164782,23226.9578096332,30115.7323790244,3918067.25981695,41340.8766264902,63861.5809625862,166230.350896552,79748.6424034489,158818.124565276,167655.752956886,107348.61386713,58638.3977321941,133826.996226321,121783.348466996,50531.799243186,78084.9353553658,286198.495063977,160137.201821118,112454.038724852,1021282.03735822,63812.4838732625,144015.44533854,246689.237272657,206967.809683545,242916.193233367,252249.043568359,54316.8233999396,197682.452020804,112934.818566668,189804.10241657,187661.344449006,772229.614613224,1810812.34448093,196705.471425637,21605.2039506285,267685.47033394,197905.898978242,211221.220031818,228328.441769048,76054.5832907046,64960.8023058081,271155.518517383,119430.943767562,2197009.61066481,316069.124019925,345224.308786951,258911.917544174,336100.143259599,195470.312010139,264880.253932123,265086.991077728,37277.3097877164,3152475.08278834,111737.380990708,98616.0912416415,102322.85571423,103996.599442733,119919.220514702,57464.9733684351,26158.3377604183,66408.642767985,542249.806250282,74201.606538427,29121.6153136489,89887.9911598072,64501.7408840861,381951.040733129,348494.179919324,175441.054675499,209261.075670164,11699883.3380348,285462.420218593,156369.833399921,7704794.84561506,78303.9984952322,92506.8670552201,358204.744495138,1743920.14318074,274609.3022843,32654.7778822434,2106000.23722765,1258226.85676474,324108.459725684,357538.963420921,69408.5010960681,4322023.51699761,344518.68054443,219494.023920518,283619.871473963,2872164.35751031,332286.142262671,333300.833332348,35761.5689180198,55328.1889641149,28675.6633789978,37843.2902514749,26536.0228229955,22616.3269784318,184083.895037548,4060606.6223859,89773.7952995946,39860.8591818888,62714.9994809387,45016.0042530959,4420.82352038753,822021.671265459,49051.051830296,79.7731987111086,6729.29385408067,46974.9048889761,60948.6619051791,167038.048573943,850690.056230169,25744.2802816108,84874.0428790888,24680.3700339157,114385.799518637,57789.7663150847,14338.4018523917
"104",1620051.43498888,3052.7947713588,9395.62767476627,0,50291.824274279,46553.3423297231,40081.4908012232,38095.7615975262,28783.3843819522,14893.7081386922,39253.914955956,56965.5069816157,26892.5184160679,17617.3830844996,50085.7101348348,0.14201825813131,113292.597051298,27110.4942559906,27174.188827288,66342.5691328532,29361.283503552,139997.245894912,48438.9412060278,60374.6959174862,121886.833096535,49709.9298210283,525592.760824301,0.0802362022420509,49422.0717562156,32145.646646765,25159.6053383438,28826.1302754018,38086.2911512704,13334.2553361335,6733.61692087333,0.0477419980536714,120648.815846335,239041.982127214,71595.0463211799,11263.3864877001,9863.53544925219,440304.160496274,83245.94580854,49234.092740798,90171.9676437437,572000.962911308,234428.330340467,123674.146656192,61993.7373524834,4042615.98564796,34331.8153305323,328765.856923232,45525.6264056982,7002.92696308578,49696.2075255882,22521.5182827112,100330.680921602,194920.262637112,41635.7662832351,37620.5570921574,27224.0749830023,167638.401324632,508260.419030673,136999.242495525,175067.713724853,1299045.70381531,230850.540186158,269362.58839801,58871.1639519406,94797.7507558263,67338.3564850466,26722.700256227,278344.18822959,26719.7582259271,325307.460672235,398203.661918922,106775.4137151,942585.416826878,2220855.18072348,155069.918304398,80693.5008495383,65948.4732269913,156163.011949668,136068.186617972,113737.552588772,448676.774711955,439197.140336689,92306.8309111224,245843.910015869,2622717.58380765,80628.7540261779,50899.3182477541,69049.6218517767,713542.447973044,171511.843616539,104031.608851866,138825.384206156,122347.017942086,3086482.62958165,23914.7014238892,34614.1963809436,35906.5701507443,41350.4844800635,27236.6436996194,78130.2304356242,157781.174494536,79441.7798028306,637575.136949419,44758.6852901209,87770.0927888839,31221.9859855863,57560.834095096,460756.210762516,0.685061077893629,0.301568848532383,9.51252712962886,12423791.9050303,414431.880760828,0.487605187109944,8250764.46319066,78938.573620613,266104.996488905,0.851360602921569,2028444.94624426,48110.7653138419,34039.4350792665,2615586.39517983,1747036.08480956,0.892235665509842,0.602776088094757,200717.074685872,4820284.17299264,0.754094915033854,104623.655295568,40263.0946029772,3228282.78510009,0.494959236280355,0.878108022584301,38272.4799594732,133770.92861083,21309.6925091589,41303.8790984885,87377.5502895947,26356.9848417294,304261.629259083,4480541.87390661,6036.49444719492,54101.7130060402,50128.1851839407,49898.6562955168,84508.8237945287,939756.028074639,145319.436900331,25087.0495862799,88398.4067225074,7948.88456959372,119047.852495917,294811.436021933,1009666.92853351,18527.4753361694,9755.86092088364,107708.504405603,205563.232013221,99856.8421589555,34452.858263578
"105",1611957.4770473,48063.8952381797,25415.6834651189,50291.824274279,0,10287.4680509894,59940.448975247,59571.6792530378,37058.6333579102,92053.5307482522,56188.2294704484,210406.785509143,85185.1714858224,145933.162753073,143713.270419807,320549.99836179,89994.1396410888,85552.898808244,85589.540544011,70652.3877066788,90323.282805989,24350.1761468299,138168.640749755,154510.716586786,23730.216882847,91713.5126365824,529062.522566746,163394.284442751,24855.6355902566,84413.9000892004,119427.284667406,107550.112737811,246580.27370134,96242.2087781429,112455.044172438,72805.250403746,136790.130972245,53232.8344655054,200150.816335509,186681.581525311,192065.334691721,288780.781216795,142645.33484548,46813.8499941971,67442.3268046404,316936.61166023,17101.5255795092,79860.3617886023,123982.052852269,3765270.23748147,144084.595907958,230070.335847458,406927.278878769,164575.369541814,388108.853325121,384695.928881422,345645.603313394,76392.2247519433,333974.245040157,301748.509980202,159431.121796072,351922.038194248,35595.411249515,489530.679118926,431089.519116941,711268.792918948,389940.93600767,39140.3294773634,582790.238102459,539964.572961713,585189.8749722,558716.158882048,197736.6674647,448685.243039083,127807.01440136,46840.3416914442,511018.875426883,573194.046176116,1374978.78804203,541826.256403162,30681.6644351125,590196.472265771,547393.608303967,554223.230993364,566717.188147665,296890.737607668,307668.6185737,632065.732340305,482422.744148436,1746652.3075947,709828.754463132,739669.979516397,579792.685015109,44918.1836160344,554180.07256453,626106.047653056,666084.611203593,40803.6335023624,3266551.24791046,278120.748094516,262658.419608902,269498.120693003,279050.877089832,296235.790528023,217821.849280295,130120.449354863,236321.075621003,417951.779295335,212562.418653442,170878.29384601,237788.466589244,214065.400350339,290892.031551105,670844.439736007,329244.970347899,393581.981732773,10916582.827185,216493.100812999,299006.914167494,7470966.0549632,236718.708631751,443159.732085653,702130.945822116,1468593.71145114,572925.786886315,85349.9835795096,1553741.92703683,742086.443936018,621469.660758097,701262.06366007,327291.702271065,3710987.47061294,663214.282584648,523553.283569052,583168.802659673,2367201.02078656,644201.404529492,639891.799177408,94583.2244098242,11194.8086912048,78250.388557382,121423.362718147,25782.488001792,72564.134033661,82170.881274561,3570619.21497418,165273.234173844,125154.078286205,215984.410021927,162041.671316611,110620.160152809,556059.829068573,45954.3728956839,37726.9029974919,120650.236719163,58935.6421158602,5688.81147496834,28464.9836150971,588394.731572956,80406.6888466987,144118.744615153,63491.7633825894,24083.4226684938,83526.2004045831,23914.0284810544
"108",1346448.83819965,36149.9486041079,12110.837359423,46553.3423297231,10287.4680509894,0,21479.3677072621,21397.6689941937,21626.9938747882,51268.931293297,28305.5505290576,124026.411748861,37185.9304654598,104999.095925901,80354.7730508899,204646.934103353,24912.7776488325,37348.4653343105,37340.2838514374,24069.7739230583,40404.5911168016,26038.2989710343,70441.6584955886,81512.7424367348,8993.59852147568,43951.2799386134,462749.350925459,91757.3850916676,4561.71124747137,45340.3540819004,67581.8855898135,55519.9759792044,145769.256326035,44805.599550376,57952.5335189169,27590.0920182406,55347.3230687542,81866.4731323319,108870.850581977,109537.066757612,112601.965000914,408939.57573732,66907.2434009343,12379.9863194198,16926.271268413,317958.783520329,62160.4801232541,18312.0952718492,58490.1678047518,4121454.32207173,77872.9105098885,73009.3304134898,296667.138305632,92983.3905412612,284161.65033084,289199.028990386,231352.999774262,0,245523.954028514,224469.368199655,90050.5582322333,215391.081403094,187637.128499483,326611.948367155,271396.088478049,933823.778762595,223009.386506447,92159.4127994862,421432.861590053,377958.279924323,419913.73223383,415380.123068385,63104.4724211549,334920.550140377,6097.65601496603,90902.2125140858,353534.155013509,742575.831929445,1525999.50057781,337744.355964883,0,394516.561259475,340430.852135022,349681.73863731,363365.238666288,91236.4428828617,102621.808018861,414948.577057903,272273.049985966,1887765.11813908,474239.132224199,502041.389022202,384141.539661148,150724.823856212,344017.827569516,410579.073679252,429366.384304898,2975.5099766227,3637732.64119586,208016.264621916,192136.276675895,197675.732242126,202421.607911007,220955.216977846,144418.23399993,48024.513452872,158498.340267433,550124.727913147,155115.947086839,104200.534059591,176607.40514352,147821.081507635,396535.976814261,478803.331018396,222114.318504671,271802.714653135,10950167.567225,245570.647462754,195765.908266849,7053472.6718963,133083.621133237,243140.264538172,492128.011493849,1466814.02208427,395860.799305278,39170.9220795029,1779080.86833632,979170.85803393,442561.909422493,491200.259290779,177759.683423718,3874957.67770063,472737.7050107,344894.647019732,404695.045183185,2511804.43316641,453624.898140254,456290.953348411,45681.8092947284,15164.8574341236,31728.217565678,59115.8777875632,3687.87922831731,28208.8219091909,109619.005817297,3021195.64400924,100192.56287438,62436.0265126489,129813.513986048,86397.6345259504,46061.9547184443,638184.924952976,0,13417.2323481454,51921.132819809,55670.6132627058,26328.9894237556,88994.1180182207,660380.1980408,33979.2117539701,96388.6935477938,10256.3349058316,52212.5047458518,97364.5900714351,3196.57341823365
"11",674882.953215531,17091.1822056303,6254.40228777998,40081.4908012232,59940.448975247,21479.3677072621,0,5320.59730029781,13765.4466591606,36277.8719091572,11884.4701108101,33823.0296749685,2750.9468521764,71883.6495184165,15295.104317101,95869.1576158941,29230.9758942232,2945.21093568383,3016.09913936028,3219.38091480803,3563.16103487097,56722.3348495321,12172.6106000695,13351.2006038389,27460.0997270716,1575.406068763,241988.410610864,38890.700845074,29793.7669048866,4508.74937031453,16221.6833204726,9003.39356969718,54649.7975908395,4251.21398193384,6621.34462090381,12621.2275704726,11693.238627862,171036.431346404,23419.6518040146,33936.7996317931,36257.7156291223,601427.472197617,4918.00685181718,13348.558100098,13646.0330536394,283167.348851067,80178.930429836,22052.0258457189,9283.10453107045,4481050.31002102,16739.2658055209,122809.511204839,152345.321970721,41573.6686665549,146215.950963455,161161.87031644,84230.1962962986,54517.1052681783,125717.340140911,116982.696039819,23030.9265480878,42344.6162995637,370855.560781685,123680.481997953,72455.8255475813,1188111.05517015,16521.1779805652,106586.039922764,218905.797870728,175224.656047662,213174.884777709,232803.544410073,106252.053704182,185958.971794251,171965.998196367,261168.100727581,155745.409635177,939384.174265939,1738034.37985195,129683.362506778,4939.28767272821,198374.916702264,129812.242891582,142538.036312592,158377.345004635,124007.712934599,115954.951566883,195215.585851761,56056.0544866966,2092620.72669647,233926.903455056,260303.827440018,188722.904155856,369300.328270403,127624.160574593,191245.226417743,186160.748041773,22322.879029,3976865.0824568,110454.882196445,94694.173967553,98163.6384727426,97634.5683278422,117009.234976955,43175.296589371,61179.8763955477,51718.373586492,711099.569959163,70518.4892727399,11639.2074784021,89040.2986769203,55654.3648013833,517572.613649755,284371.75806389,129871.784294399,161243.190727831,11150420.9647907,205628.567849862,108892.441288098,6536754.83034082,40995.9169638916,32877.8231903883,281894.62447783,1515340.78807201,215784.49362586,15602.6202664648,2081174.71664591,1272577.94630205,263382.064686223,280993.690682563,24235.5024908414,4200481.72627414,280427.127257503,160943.773934209,223852.772559649,2844910.25449321,264114.861602001,271522.644099163,17583.4248878135,47917.0434014397,9327.63354598766,13113.4905682108,6192.97611847905,5942.19423343351,131561.896159355,3050575.64829147,59079.1803857653,17248.4957455534,38744.8969933473,18530.7977895581,5837.79793772806,905736.564726454,81602.5990705169,4110.47365415169,5262.07316179934,51874.4018786927,100592.44303238,195642.437070005,879332.816280604,3619.39567902203,67070.6867337348,21597.3526960708,115485.974473204,105589.230559292,40420.39825023
"114",1275421.81072629,11124.9955306208,16218.070057092,38095.7615975262,59571.6792530378,21397.6689941937,5320.59730029781,0,2728.65125573979,12077.4984292665,1126.52094787518,23332.4721936317,5401.66072543389,39139.9507443902,5031.29675879374,76809.2089492937,59460.7874049865,5350.76395405115,5317.33652506802,14394.6813364111,5440.2504289623,9918.92910140522,7625.29184054005,3836.63844886028,21781.5153343756,16462.4832321762,558273.802024203,24923.3178897189,59063.3083083461,6200.28726570377,16860.2820980138,10231.41713009,39220.0440864706,12221.6930584206,21386.0568712115,15152.8558526275,31532.7291370586,114103.705208738,11493.3834805679,38520.2800065013,38944.7391845357,613540.070972178,6731.71177397198,35076.5793621511,35705.1886915411,293037.676928607,97482.7358016287,41917.6672175064,935.565916431465,4752431.12424016,16644.1460333103,181382.691160454,117520.133269034,23919.1024170549,108965.553782585,131002.505528226,46192.988645857,79980.6999169082,95571.7182827744,88408.4704992011,25127.4149286404,5910.43361710484,439430.511578375,70583.8068594969,18469.6996284097,1298660.39917338,41337.0191120727,153342.91735693,168022.778610434,123352.256579084,161575.97846117,187146.01012617,158664.27033761,149540.052766076,227558.578850342,320504.755819076,103762.947666729,1034917.94684483,1675938.49106597,70160.1352110906,23185.2637998989,134962.590479762,70605.6685467505,83630.6420636196,99433.3236463967,169474.568572052,161102.3067064,131201.449887803,452.21587700165,2017812.02484932,162551.094645227,188097.197226875,128433.955144527,395827.656743417,65341.2158165324,124658.679750953,116373.465942545,37163.3395845121,4385237.31972761,90324.2357575481,73571.155493746,75543.5521536499,73626.5433181012,94173.529430513,14891.4719213076,97810.7986867816,22029.9014374622,790950.249722166,46765.7993165695,16083.1309660047,68662.9929762651,31870.934227047,601264.753248269,206729.348391756,85658.6591640368,109626.740228692,10827239.1665715,301705.208550773,71849.6183977511,6396652.56847964,19758.2077092308,21175.1512450785,208038.369687877,1389624.17955728,147222.867050927,2680.65418432908,2035979.53362908,1268442.46542849,190013.583703639,207487.377064576,15087.4088247574,3993215.90055903,203672.481750157,98204.8804167581,154529.465407524,2612817.6803159,192164.869097322,196459.925337594,3874.80519544237,20153.3147246404,3499.93227050133,6808.45298080229,26327.8376181679,2694.34925726568,110303.001662131,1996077.67078763,28968.1687106923,4760.71533522904,30095.4676632339,12946.6577172491,22795.3735888851,713278.030284354,86838.7377139122,14906.7057337526,22760.6724090616,29498.7992158317,96499.8040982908,167277.262201977,711821.019778513,7313.30280555974,33847.6160682672,48076.411743977,71447.2683438994,186133.458184885,65233.3576485425
"119",1859682.85417829,5433.98327678048,19119.4302468684,28783.3843819522,37058.6333579102,21626.9938747882,13765.4466591606,2728.65125573979,0,10123.8517209737,666.668523239752,14698.5702567937,5577.3725015114,23266.9426309861,4069.01674718437,85539.5070400594,80823.3086745566,5574.63921776996,5565.7018499752,29951.2027943042,5047.6197953711,61305.4916209351,3057.19412180966,5074.46260477535,58866.6542194525,26980.6761769631,746705.190491844,40226.7056072683,71141.948386818,13968.776543472,13431.9712928781,7440.29001221164,41266.7953012265,18870.3868024399,29604.123789346,23425.2846284508,52212.4354355389,73570.9568698847,3085.54437172457,46365.0704734837,48117.3765843564,489391.707401465,18648.4364220396,48056.7949015995,57601.7990092018,437288.869821341,155835.850535328,68848.8708966945,5103.26752507999,4516948.87838232,15231.6882178382,195687.183439077,89750.3595170006,35592.8304387914,80471.9963591103,103324.199686697,23029.1358104371,117122.740066987,70821.8625853682,64498.5797990634,25889.1445634855,29129.2923989627,437792.710715273,39331.3645183186,9574.84310832183,1266528.15027532,67082.039309419,216164.180572162,131249.007883648,89137.2468367334,125076.093000187,150547.912898273,170724.650646774,118455.356064896,235710.557719865,321601.312253935,70754.5542679916,986795.523832351,1767839.64473872,46830.6836801302,49582.0167858461,115002.456595764,47434.4572608083,61854.8984299048,79187.0877581054,206181.282380333,194231.845752367,110398.315066389,26840.3429810716,2131670.15393821,139102.434837612,166269.873592381,110415.26015893,435505.994502509,39979.5857462827,101352.898190781,90206.2563147564,70835.6856921817,4071876.33094902,69813.8868114281,54386.3262375757,55495.6628270685,53376.400719886,72274.6925255109,852.971092097309,104385.573090448,4934.97881113487,731045.356932799,29052.7279892199,27858.1455868667,49831.7912448333,15923.9303282407,567082.720702066,177409.069850459,79811.9361062081,97794.9056781662,11213796.7007705,404452.588539199,72515.6353827013,7338576.2159352,13438.9062487808,47813.4722947274,186204.860586988,1579120.57234923,121215.938441147,3928.9128706887,2107597.30662232,1323982.91773002,163203.661698275,185991.371185927,34317.9497012049,4069793.38278916,175157.047097108,73865.3272082618,128658.082915313,2581728.5489524,169434.56941859,168527.961717711,3953.72420315444,47231.8152888155,8519.94831661459,6642.39215872382,55706.9987108943,4097.37729395467,181877.431616724,2836479.01388832,32023.8673789259,2147.00919036319,22640.7957288158,9001.10812852087,39073.8912473414,545477.568175699,67002.1345118738,21980.8124523715,39085.2157417833,10522.3373575688,60012.4134158353,140370.81730114,626253.527275289,10782.6755003363,23703.9976456594,73771.0141190302,68501.8740423659,212253.536226979,68026.0593572698
"120",1871971.23501056,21318.4701114431,51982.5688712669,14893.7081386922,92053.5307482522,51268.931293297,36277.8719091572,12077.4984292665,10123.8517209737,0,5197.38822303605,42924.6087712044,15537.4714882436,1992.67725488687,52482.3502059861,26265.899987766,134857.238281634,15454.5243387623,15401.4609605854,54505.3687318163,17156.1179052585,67404.7163172708,31237.7678587605,50212.060348653,60038.147946331,71013.0364818979,849642.563170564,10692.296353086,119181.315794465,54403.3706978769,21988.7000055512,23740.2841263276,6217.79687309711,2034.24225023228,5631.95332613291,9726.03910742644,95559.4807607699,68368.5254898712,46873.0262044765,8193.64101368179,9770.52335359983,670432.128260887,53132.1800755376,88293.2013812745,91729.7265278463,389750.524373213,161822.773331746,99020.8801358664,27958.516023433,5047754.63597811,20441.092571251,337353.945746692,3362.56771736161,6619.68948841376,9745.50076086783,21501.535314977,77065.73761749,150851.228618408,8682.02617678237,8002.32512842221,11653.5687798886,148012.490065691,592707.957564231,92911.261834848,142345.743169868,1503834.55746873,207618.10992141,245139.224039866,4473.02821268381,40100.8969412213,4562.07332110416,37171.8189113379,297626.586083905,24337.5817133082,366672.455528844,461108.990205521,56558.0560426726,1195932.39788991,1744759.33703009,64774.8195990312,69637.6378534939,3958.36865589146,65585.9340809121,50296.2519162377,33060.7660149107,304132.18900342,293167.136351211,12270.0823574165,137575.379810898,2085388.06789246,3035.89616620628,27798.8765621202,645.64536486423,514997.072010085,76000.8546242967,20933.6439580551,44264.3155086488,87045.0507555724,4767690.91019314,4904.53745678359,12168.6802533491,12417.0959997055,18034.4535451303,3336.02206492816,76082.1006497491,195549.290170243,72855.6525153321,919201.861761271,32847.4804931423,101375.068714643,11319.0542718125,52075.1829154029,728726.540830658,59607.6994064251,23192.9134255477,30047.4149802322,10825538.5058898,437977.431091339,20276.7586961857,6620601.12748761,31295.376651933,153039.131854931,61374.2433628192,1401666.20490435,15900.0781223964,5387.77948984377,2144386.13074705,1400173.07395483,54430.787646396,61263.9777842143,106178.157950773,3971832.20205217,58705.3937179919,28592.3297836119,22339.6053808053,2513525.14370551,55802.1962393843,56407.5442228056,5535.07335132431,27760.4599743048,6736.79741156225,16339.0825344317,75486.1978871449,11728.9848242664,151026.802745754,1734759.98041612,5092.24409082248,15084.0457594039,34401.4124368742,29722.4517895698,79956.8879829714,565478.77743785,116348.269762446,52681.7349632381,82571.8809659694,2897.73435131963,116262.817878332,159185.440261884,593269.2472807,8084.14546906837,3635.76549689018,110454.831782714,32730.1164803546,293287.6460148,122730.971446824
"121",1878875.12604632,9721.79804806195,21430.7527929261,39253.914955956,56188.2294704484,28305.5505290576,11884.4701108101,1126.52094787518,666.668523239752,5197.38822303605,0,21995.6657011,8169.92420760725,23231.8328030228,1232.47024664186,85808.4421591455,78617.3953547516,8144.05697677216,8122.65777482707,26774.4072832433,7738.12609633341,56253.1812674537,7210.55192631594,190.882560430863,49805.1322941122,24658.0140784095,797438.242112415,37891.0998502347,77175.6378694559,11336.9351610345,18592.0997381167,11501.6612704673,43683.1550031495,21612.9012842778,33451.113868354,27798.4146091171,45572.4703535426,50320.9590852506,9123.48854592851,50242.4579334045,51258.2517167648,556737.650846714,13260.2472191306,49568.2220686994,54702.312616782,396023.852263283,140889.088751707,62651.4847000161,1419.32156132515,4737175.17320599,19668.4785262221,191232.804805093,106808.280278672,32954.2018529128,96703.9496702835,120842.63065635,36004.1378753712,106995.764879131,85837.3795144465,78682.6376584313,30716.9518473493,17536.8947963432,449173.793263554,56527.7767748236,4997.28271322719,1305840.07927855,54728.5992340715,206688.394706719,152713.978134522,108659.295854183,146435.723486649,172214.808295277,168028.769085616,137425.341256685,237407.61522855,328591.920728028,89143.3559149962,1036996.0901048,1673918.88801375,57735.8531072716,47618.0011078107,121538.513350673,58508.4026165443,71936.4347288885,88214.414004538,182837.463622415,171492.153206448,119244.358099005,11809.1987739208,2023136.64395893,148612.08090715,174725.207854341,116952.460530543,401848.68772177,51895.5514688566,110687.03451318,102057.268946843,64146.7237554849,4426143.85656313,84103.1452615104,67327.7112863086,68640.8125634483,66488.4798826447,86938.450075715,7414.79062489623,104964.450227877,14076.8827628468,788160.911133744,39313.1381621235,22881.2172731312,62193.4254549364,25208.413162226,615846.275545241,183259.000159714,76451.021451132,96190.6618766248,10867152.2501353,399457.272689095,68634.1466797922,6926487.63169584,17751.8852188677,32361.0887613136,191069.103622148,1443851.61189324,127598.715974749,4148.38334476902,2018321.33553129,1260633.38883619,167830.837672036,190807.928774449,22777.2381054437,3907258.27103269,180703.601860622,82203.9056747433,134702.901265775,2458405.02514363,173468.5408033,173662.112254977,4178.57231404758,32110.2694207925,9954.54608848499,8949.31516451465,53614.2997201018,5924.2506805095,153067.515134088,2243317.48480781,26316.2182734447,4210.73233913306,30175.0557349162,13561.0134222652,34808.1501753734,509776.281383993,69146.1593173391,22904.19299585,34454.8935482936,16854.5943370597,72189.7816044006,125438.116445818,565459.257410671,13306.6714503715,19394.5674218089,70629.6561569546,40285.8334106854,241961.118126224,76437.4220800158
"125",1541877.93061357,0,57289.4389164962,56965.5069816157,210406.785509143,124026.411748861,33823.0296749685,23332.4721936317,14698.5702567937,42924.6087712044,21995.6657011,0,0,64429.4606818636,5015.50894549498,70804.2939718919,18472.8955696769,0,0,45954.3535379386,1422.63911122251,279882.361599092,4892.06852430737,5443.36201790204,142794.733772332,22803.3943247212,753280.473568165,60586.8252325481,92580.9047626426,19880.8102355886,3188.72867164265,347.876135999576,28983.8787326852,23958.1351526008,32409.2845796444,53676.5223805685,34996.3448683549,442790.867871562,4811.57782065488,25939.2122543461,30448.3011244545,951787.464418017,24800.5992177676,57791.5863554257,48576.4427687316,539900.476117348,187806.210400912,61628.6358255897,19035.5769669208,4493634.80696069,3900.55881250023,234112.925307692,64943.3453067411,55323.1785820629,62801.9097874426,82914.9409489327,1168.83702475372,93474.9282901901,52991.3265132087,51545.224835924,9453.60769703597,57772.6174291344,456000.057368807,6399.70510965012,40981.3937461117,1272656.98974063,98688.5640251918,135744.897881425,97716.6074384369,55563.3858530447,89826.3300873016,122362.465623807,201297.873157727,95287.3640216619,258031.130325363,351137.673961113,39117.5286863131,1028962.06057543,2210381.42785829,20141.0071688317,98474.9916457895,111299.204982904,19927.2293631983,38048.4495059038,59116.195904934,280449.513440614,281749.215521087,92547.8474491035,70717.3171372117,2604416.11459797,122587.104195382,152686.194191061,101960.234547838,588375.39564493,10159.9455771661,85790.1665218528,64371.7455478227,102437.784924833,4169868.03478202,51311.8142939459,36117.8273702245,38090.5271969641,34540.1157463009,53840.8029448053,19194.566810892,129319.20587934,14039.8346752697,842958.277354878,17051.7037902805,46764.0044128084,36177.5978612114,0,603489.567048255,209761.931622699,116110.217345637,135679.800569771,12430488.3641852,181959.480071786,100333.888906174,7471751.00963665,0,103035.965943264,200564.263612672,2114284.01276837,137096.443671443,681.460039329651,2591405.53721007,1662118.95586036,197382.280875997,199686.948413492,81853.1994993138,5146323.49806295,207185.799540004,66913.3176624224,146993.285618829,3805629.71189775,193973.032755903,202288.204217452,710.657702772469,192994.253868298,11927.4562954699,548.966785037216,108007.341495762,555.957340262783,339475.825356034,6781065.64190205,71226.1504202727,9560.1138456623,74.1101903928694,1041.8840320667,22820.3130399943,1671542.49815219,212364.049657235,51077.1243313687,19437.237661017,56194.1292712002,255145.068834094,419286.320149894,1538505.3896528,12266.0089063559,72688.1257632783,50639.5532634254,328307.363984444,324089.03787373,109298.742766597
"127",651790.10184359,0,23438.7599335972,26892.5184160679,85185.1714858224,37185.9304654598,2750.9468521764,5401.66072543389,5577.3725015114,15537.4714882436,8169.92420760725,0,0,33996.6900516111,9955.76946005443,52134.269837003,57300.8168794789,0,0,7385.46918696045,57.1799144038812,65508.4617651694,2598.30943915905,9048.95931004431,31007.2931376931,22430.9593327307,303032.613918485,18958.1270337538,52213.3700812469,15232.6143401173,2362.02458338615,142.740036337541,19528.4220987157,283.622939003985,3617.85231972709,9288.74281484093,37297.9686079856,196999.410158362,6266.18143753898,15934.5511613558,17049.7713201518,679446.160744897,15214.6542718354,30338.5879011791,25464.5236266544,272930.177720744,87533.2674866969,36297.8875470777,6783.03438963863,4706531.61415531,2401.82743650982,237616.851184705,67900.8115251219,19512.9950319357,61581.4307208531,85112.3806448624,1248.19378810096,78418.5318418335,53228.048211849,49649.4252054473,7071.06780743618,59475.9928400853,479996.278715679,6743.12355829372,42883.4279732482,1339140.16713461,103201.122817526,122531.986530877,101630.760076562,58050.7641481814,94177.9443293964,125664.619513838,206393.075363858,97766.2347073089,270381.498781874,362312.918973902,40269.2496520965,1057862.55870205,1819282.45977449,16336.5205541935,995.622751914016,88457.155235334,16341.5764012225,31187.7778904403,48538.7408889568,235187.431318193,230449.538471713,77208.7567980078,58661.0391138145,2168163.78123461,103408.16486434,129572.663432927,82011.955990404,478677.269634351,8231.07034073303,70154.7948278303,54276.5162821871,25977.2139377457,4226963.09610067,53641.7112767843,37927.6087684742,39257.6607816744,36119.7455837393,55771.931166672,18946.8776062998,128251.123997521,13827.972319248,806688.632606552,15611.9478099506,45640.9499786807,35769.7976628473,0,599237.31452798,163451.027326473,72710.673167617,91218.2715408944,11169189.1502801,221122.249790629,60062.4481852845,6352555.30340224,0,82246.400568362,161000.031474542,1510556.95874583,104836.648145428,197.580209505205,2207277.46317811,1407402.80748679,151185.220983133,160446.637109563,60261.2645608996,4283279.92961845,161093.315375967,51299.3958961898,112571.444056302,2914311.12917184,151006.797924883,155965.081868886,229.667659204308,59400.0403487751,1794.53960494761,148.602077932365,788.428429081698,71.2274623858309,135063.231686438,2817244.34770306,30331.1200232296,3599.98652967483,5303.31930344201,757.809373547935,24385.7872204185,949492.611426997,129367.622809214,16724.4446347704,26317.2438811221,26627.7245463781,138831.80509685,240017.537326993,918868.301414149,826.598985207413,34482.0939318195,35940.4128099022,136045.837432614,144740.336407515,68828.3256550893
"130",3031761.43536588,34188.6083183564,83808.8086568776,17617.3830844996,145933.162753073,104999.095925901,71883.6495184165,39139.9507443902,23266.9426309861,1992.67725488687,23231.8328030228,64429.4606818636,33996.6900516111,0,78063.8645081344,29629.0595643794,191539.68629088,33933.3776875727,33883.6915992394,101330.949423466,36625.6933942206,196011.929092789,55076.5630813094,78433.5791942763,142481.727598083,105796.057044593,1354818.17723757,17805.7576999471,179306.359211303,81651.7012890281,38062.3498506204,42877.4495667479,14819.1533226019,7900.08698208096,5745.69979743508,16258.1280463836,143939.642015609,85521.1148793159,72870.9512276072,7328.80113816638,10081.37673965,651238.961719121,88081.6829756686,138413.177912131,150142.217243913,632586.908889005,272191.466485356,161216.917059171,55322.7756436784,5135573.36644523,37323.8905150705,348481.808515152,13787.6380537046,9748.05364598728,19424.3967457073,12630.6751740388,90280.9594719071,224472.921601722,17812.6226558263,16281.3769352741,23451.4335944642,160765.078205249,616732.1475177,107394.443432874,156716.500031637,1531997.12135886,222608.768123724,368337.247520226,9014.68567739263,53843.906038671,18365.7172995245,24830.8423324356,311764.235448755,14099.2970639249,386129.690463983,479579.544345905,69664.0626310572,1230550.2810855,1751075.59709069,75039.2576093345,139484.626602789,5849.80303835673,77028.9916222679,61751.5840470415,44408.7408998319,323476.193507469,301337.8286049,23915.7845349157,150957.675672165,2110387.90544887,9378.97477557958,15651.7254867527,9239.65296871459,517054.985318941,85002.7656779988,31792.481899151,56986.6489994391,162550.285086867,5121255.31662221,2643.17303511675,21058.4436083353,21228.5018176118,27484.6839826369,4684.09256071589,87640.837689176,213366.430549091,83660.0258584931,962259.560991373,40949.402759871,115520.92588059,19442.0003633442,63581.0197546317,803207.910538558,43582.223639613,19416.845281108,22752.8423622242,10929834.2881022,643860.452741805,20106.0522193181,7815246.51763472,48028.5014619736,156972.443992998,48804.3571257342,1596752.74535879,5599.34124066482,22799.3738993696,2100632.52875493,1370690.64736741,39563.8180778315,48858.6017823136,108166.237985385,3811859.80505628,43040.3698477423,34120.936656379,11298.4897213333,2216849.86194584,42804.229211243,41024.4149707848,22856.7217626992,117849.151894598,19304.8219053127,35623.5806749152,150659.246962409,29935.4046124813,286316.024582401,3475948.2760968,7770.32570963109,34721.6907007002,53129.4116756051,51248.0040454572,124565.300799561,145870.500080445,74886.9205865218,90513.8924620863,126352.236247826,1246.22571168067,102222.045689652,52914.0962458501,314678.343567882,20034.6361987686,2095.48714192435,175357.203126752,100184.488656501,452095.812071544,170032.53761434
