"","1","10","104","108","11","111","112","113","114","115","118","120","121","122","123","145","150","156","160","163","169","17","171","180","186","188","194","195","197","198","201","205","206","207","209","214","219","220","221","231","232","234","249","251","252","257","259","261","263","265","266","268","269","27","273","277","283","285","287","295","303","304","306","307","31","312","323","324","326","327","328","329","33","331","334","336","337","339","340","344","346","348","352","353","355","358","359","36","360","361","362","363","364","366","367","373","374","375","377","378","380","381","382","384","385","387","388","391","392","393","394","395","398","399","400","401","404","406","408","41","419","42","421","422","47","53","56","57","6","61","67","70","72","73","74","78","79","82","89","90","91","95","96"
"1",0,7649.62303945177,18000.533812448,16029.1146711514,7793.08769743639,20629.2451402485,20731.3754318647,21352.3344411255,14612.9570134611,20566.4463972867,22405.6915039224,20997.9476771848,21487.5437847388,7517.45015538597,7440.90936932054,14742.8759752546,6419.43451377447,7894.27387732577,7645.86336247022,11505.120386805,12172.4102293208,26560.8532901598,13478.1477586491,10171.5824680475,15156.4405998413,11756.1946988859,74828.2512034925,79221.0271983513,67050.8824627002,67316.4419601902,70133.2512961986,72478.043120098,79905.849510196,73677.1521006956,64590.6060027379,63639.0218846337,66214.0516257387,76947.108270575,64802.0802723617,62482.0104971776,57726.1477379065,60708.5775196873,72086.9928976023,73620.7226717479,78491.3435742944,70001.1194741791,68584.4083847443,82959.360175381,83680.3448624639,83181.1374752762,87977.1143102094,83484.9310212285,85320.0689664413,9891.15908726692,85676.884798626,87868.4879645538,76788.84311577,69500.7174097913,68180.7179881449,77803.755807075,69208.4472185525,85590.9710217575,79722.083237071,74005.3270115986,7650.29638963666,77940.0168384664,76971.6497064224,82235.3020054944,82172.3503927462,82285.7434876372,83756.6112719648,86599.0533111172,5848.91222076476,89308.4988759647,90468.603193926,87103.88475832,74751.3366040483,85710.7246457725,85111.8451589587,92909.3030924108,95257.974133375,95863.2872475342,80598.212422143,76349.9535748695,82595.318593337,44164.9705654751,43584.9407028981,12905.9646115541,43752.6152542095,43612.3931646357,45379.2942030766,46251.0134275169,46916.6905991865,47658.8523276769,47296.4754020584,44940.6812741853,46561.9679532492,42395.3608208034,43321.0433162331,42315.2961731444,42092.4907727824,41825.7257597124,39587.8604321866,38830.2200248378,38873.3225561214,40067.7022732891,40194.3799497371,88512.166924536,131487.324006524,41611.1487612049,84463.8698667308,51348.8015878367,128592.844166586,94251.847824536,34204.0428353477,46631.1451727669,92165.6684136011,84836.6080294608,44121.8184552169,16741.8656774681,81097.0947720251,7471.75007773184,82650.6578783046,81159.0345378107,7485.30664080713,10897.8273659761,21539.3073514332,23421.4627223062,7559.0855473771,20020.8282040661,38507.6835846269,7756.42262808736,38522.3544362884,7716.50717706419,31376.7453585722,30564.6467288028,28010.1830655313,32891.5109142941,43102.9018006189,29060.307819976,30204.7307419955,32253.6270632672,31965.4482180909
"10",7649.62303945177,0,13497.1969098015,9052.64332351079,1952.16070505845,15624.6165545636,14532.9425082086,15662.4428436198,7057.18623691347,13417.126417719,14992.9981585422,13508.9152978012,13840.9830867377,195.042901503997,223.485456160633,7098.78622187862,7555.92917423414,11282.8071097296,180.864808067523,4509.37311467596,18678.6601403772,18936.8747182863,20464.7365101228,13990.4051465144,15190.1130289913,12550.4409429255,74101.1703670919,78775.6970023214,65677.0349081201,65341.5632756236,68290.8325646355,70598.5592615117,79269.1492350827,71825.3811644893,63518.2833558105,62884.2267403929,63840.4751105258,75923.267949175,62811.1734777137,62119.3182032027,56489.0605392578,59907.6906361366,70986.4020203385,72516.876366399,77591.202314151,69372.6583289628,68047.4976938958,82461.7295322164,83084.2148666317,82457.1597498527,87420.3345260074,82483.0879384552,84588.5159786636,16166.2519244521,84753.9855718778,87216.492409403,75185.5830508164,68332.4832704434,67821.2082958055,77392.5961534284,66893.4493946075,82513.9737993708,76312.1115063807,70746.5883841222,52.5412022114094,74214.8154406598,74605.2058999286,80194.4890901545,79939.6078195889,79823.8411919083,81145.047490996,83904.9589084343,11756.2609414401,87014.4383609753,88252.8585140416,85076.0515746055,71848.3903349141,82123.9590337156,81732.808113242,90232.1024383114,92644.2421830804,93224.3760376901,76950.2112101049,72712.6017643326,79370.1800258451,43631.9322127087,43122.8773154341,17633.2912674199,43483.4088697179,43364.4749258965,44629.3326612397,46086.6948318871,46331.1881942237,46772.5748382227,46166.2297574979,43396.6486210226,44743.9339065764,41966.8017371575,41059.4324796007,40609.663203446,40742.6699718826,40653.5103583242,38232.8693611898,37761.057378199,37887.3577867563,39679.1959842812,39826.8652173194,82347.3535692795,129630.364238121,36561.6632059375,79083.9132243369,45896.9327642683,126827.24134354,87967.7590566287,30213.5938939812,47795.4202831418,92452.8012700182,80487.7774839389,41867.4794456572,9657.18151440579,75246.7184880905,179.758681775054,76447.2939534092,76097.8281515413,187.024115453632,13187.2002664634,16026.236308891,17240.4408550074,114.458741097111,15546.8062855833,30865.3214273174,107.558947499084,31714.6818003296,96.6998556883204,23789.3370161286,23648.2486681319,21604.7737254623,25241.9598686149,35731.0770835347,21654.2059882067,22729.2605827606,24627.9489632861,24322.0025549108
"104",18000.533812448,13497.1969098015,0,7758.90534803345,11788.7138759774,2793.19345735156,5502.54835148216,4501.42378561991,14005.8542733438,19398.9908944678,19049.6191046756,17522.2480516149,15333.6298211815,13422.1877531492,13511.328445584,12843.7976585038,12223.0907494527,14237.5176418789,13334.4095945309,9701.38269745304,30162.291194293,19513.6496220258,31269.8323133065,27028.0060001844,28600.0646884806,26047.6257412243,61719.2446980036,66586.5342641223,52893.1966280924,52218.1809583576,55220.3211855431,57499.7427269763,66922.5809541149,58735.4874327675,50960.162264,50579.0595787333,50551.601289807,63310.3573832389,49691.8132013259,50163.1224593648,43879.8833495118,47598.4272426766,58350.6084524647,59868.9667924509,65056.528470811,57107.3448246546,55870.7082198138,70205.4566351583,70746.0938493794,70024.6085359608,75088.9632128098,69850.5860700311,72138.8002624835,27884.3593143597,72165.3039005787,74813.0451680036,62212.8005596944,55667.8530869667,55800.5356737725,65242.0122561594,53617.1380741531,92535.2915701604,85972.9736411098,80672.700892375,13448.9427388177,83469.7365423762,85511.2711986287,91378.5527422677,90934.8574731243,90580.6891692898,91726.5459233021,94369.2291330954,17654.6590546183,97891.0396671937,99201.8434202363,96236.1784503812,82193.2778243936,91478.7638927943,91374.2522513107,100664.672180881,103131.604888009,103678.941578015,86279.0916311259,82110.9033463867,89236.9616094657,31886.7604055402,31467.7821948025,18721.8364206371,32022.1680740836,31930.6787498901,32639.7125184039,34653.6848320691,34456.1978874496,34603.5288940493,33796.8738380756,30749.6510807527,31878.6158936938,30387.5220424172,27972.6322667376,27896.8733799454,28312.1255172992,28381.3419812822,25869.7691847883,25681.4316994169,25885.0517813012,28234.5773172948,28399.281880924,86619.5357380834,140746.153497643,44735.274792363,85357.2501082629,52845.8988864763,138042.150021816,91809.02101047,40343.2606877898,61116.7790386431,80825.2409352552,88702.00754443,53380.1464149895,17367.1612195578,80480.4510225535,13593.3298067185,80707.0929688934,83081.2619344331,13645.0415688044,12957.2567776351,25457.6259568851,25153.2726311299,13597.663687163,26460.9767783856,28915.5803871683,13466.2518209182,22270.2284333441,13406.1976571163,20146.3397763363,15262.5678282191,11548.9769043675,23397.8084296268,36681.3259803451,24089.2335700777,24412.0965122163,21598.662643113,21940.863763404
"108",16029.1146711514,9052.64332351079,7758.90534803345,0,8261.29527202387,8512.08358448135,5919.0968524813,7571.08591963078,6523.67957140051,11667.1440073936,11549.1475404264,9955.13228996059,8228.35771193536,9090.00147171188,9187.61104380144,5313.9385655172,12506.7392142016,15966.0321389106,8961.11991007521,4598.35376414016,27673.6615343771,13098.6357011731,29342.0791779799,22913.4395208679,22711.3416800235,20720.1600410847,69268.0234499056,74188.681539045,60279.2709413181,59347.8842159976,62392.6951183567,64639.4257178648,74476.3374937148,65880.7581109619,58461.475115171,58171.1677298834,57479.9824461269,70763.836369638,56833.4667355026,57839.6959359639,51377.5245917047,55195.2053268974,65802.0829958107,67311.8164327303,72541.9427997794,64700.2270609577,63489.9608675579,77784.1709663135,78298.109168914,77543.9551067313,82638.5411423434,77284.8728147907,79649.0540756623,25180.1674315536,79617.0832327507,82337.640391739,69451.5195373055,63110.7834995048,63456.7080156669,72856.053502621,60554.7138633971,84777.2790472171,78215.4972121834,72914.4508585256,9023.90325833536,75724.4018617391,77810.068452491,83710.8385015705,83241.086845637,82861.0021987777,83991.8641517291,86626.1381254507,18235.540774062,90179.9737308398,91498.1845891491,88561.7404581212,74447.4775986255,83731.3615111449,83617.7267057327,92918.3257345046,95387.6399545789,95933.0903676644,78531.3678745423,74359.3535032593,81478.0571286437,39622.1456422698,39211.485035897,21929.6609108808,39776.3456921312,39685.9462769244,40342.8094945051,42407.0892813454,42172.0468991036,42267.8840594915,41413.1528880896,38281.2134520294,39294.3427484909,38137.5580966667,35254.4255748629,35415.2409662892,35932.4576915036,36043.0631530277,33520.1577191844,33390.2340046117,33604.4590142678,35991.8209307666,36156.8228291736,79800.6038427029,133049.183303564,37019.166052002,78024.318225637,45301.8988824929,130359.137705059,85132.6177913432,32627.7800120475,54678.0827278783,88529.1708939948,81046.7548460574,45837.9381901335,9695.77279195616,73381.8397914324,9216.44829128081,73876.6009754827,75604.2203915116,9239.08445638419,16192.6519576526,17771.7390824073,17394.542165691,9166.72292395071,19014.634062782,24082.4499982255,8970.0576975969,22675.3658996686,8958.73829813465,15984.7906262487,14627.2163465309,12625.4209229986,18331.0583915168,30679.1456405997,17227.6485340114,17817.3568029559,17124.0272303119,17106.2534631051
"11",7793.08769743639,1952.16070505845,11788.7138759774,8261.29527202387,0,14048.8296635994,13336.9169057261,14283.1961695527,7824.4077945556,14467.3501776583,15786.25039701,14226.6164349636,14148.1787033454,1807.43104983201,1873.50604809682,7562.97797993761,6110.81844976928,9934.55735238685,1771.3391591391,3712.13301356023,19488.7310464367,19326.1504346219,21091.1849820016,15368.7714119287,17058.2740271727,14317.666148185,72158.5039318941,76827.5420509069,63756.300352547,63456.1806446117,66397.5255372198,68708.5310417286,77324.8688745353,69933.8948145039,61584.3593732105,60940.5664109448,61985.7524454696,73990.1299610126,60925.8514785846,60168.7236919056,54559.4117098009,57964.6300081471,69055.2117005852,70586.1248534151,75654.0617009593,67427.0578319821,66099.9413940722,80514.7944609545,81139.3780196913,80515.4189883113,85475.0005518056,80550.1937880328,82647.2135095806,17026.5239493234,82818.6053640309,85273.3648456776,73279.5943099657,66403.383353654,65871.0082354716,75443.7934000774,65035.1400494436,84370.1913996508,78139.3203861468,72591.0277502325,1899.72602797239,76008.6274195427,76514.4910404535,82118.8748656371,81854.7964262504,81726.1594409348,83037.4543383931,85790.935174102,10962.0716770114,88924.8555781514,90167.2477190129,87000.1310275017,73722.7642313589,83929.9852890622,83560.9653042459,92117.6980177519,94533.7243706436,95111.9934692657,78751.5898815572,74517.2290072474,81214.1504285702,41681.0876212999,41171.3799858926,16329.9173064865,41531.2487585829,41412.3195461034,42681.6985402594,44134.6004320364,44381.3665747726,44828.4104640431,44228.7757733278,41474.2957750271,42837.0654369048,40014.9955388923,39179.1151023612,38693.3569284979,38810.2950263491,38714.8565924259,36299.0807739112,35817.9667165738,35942.2930153093,37727.1021869141,37874.7373561768,83638.8423965018,131556.956519622,38197.7893182057,80595.7181088322,47427.1401498504,128757.747861325,89215.0331415997,32027.4114387948,49671.3892883041,90501.2880079044,82194.5579759708,43795.9765338732,10835.1529628228,76639.8923496233,1976.41087483807,77729.7883741313,77680.9698421412,2038.62730968902,11562.206163513,17674.2505694755,18695.9431600523,2019.02852241259,17372.64683725,31124.9678600156,1973.5400525828,30875.1940335658,1886.98148467557,23687.4771936322,22861.9188709954,20539.5099894613,25430.6776439319,36448.4579883545,22394.2192767061,23381.4032280914,24632.8105369713,24414.5492797839
"111",20629.2451402485,15624.6165545636,2793.19345735156,8512.08358448135,14048.8296635994,0,4108.06447501468,2306.43793735979,15028.3543264923,19704.2871037376,18983.0596219961,17566.0125920006,15050.1774590369,15572.462373331,15666.1113648749,13822.0543570776,14978.9741830366,17025.5131538554,15472.920982404,11488.419953766,32801.5535940658,18682.6959509851,33969.6134299912,29399.8867388594,30511.1209575985,28122.6077298923,60817.321843276,65773.1503821994,51775.7596392928,50846.4874875341,53886.4360746015,56137.5049170433,66026.8787984475,57378.2502713864,49991.178995308,49755.1761169513,49020.884827059,62273.2256060157,48330.0005993396,49519.8655357084,42908.9910269711,46785.0724516481,57311.9191561252,58818.9715949333,64061.2041770059,56281.2247693414,55094.6807095459,69349.6573889544,69846.5921494674,69075.8932947769,74184.6007413847,68788.2926630712,71176.5545274915,30488.9948085597,71124.573645119,73870.9877075712,60940.5409174201,54618.8654816936,55102.9160553942,64451.3637483054,52094.3009264867,92903.9859706444,86253.9421584999,81041.4812684766,15579.3252028716,83646.3394646722,86162.0595521675,92108.7044894039,91603.7690371569,91174.2896946249,92263.5650724864,94865.5569885471,20445.8035994407,98509.9381268405,99842.0339458696,96950.3589961747,82679.444312479,91663.1013693312,91637.6194327069,101140.647838348,103620.46216084,104156.94569612,86468.42289651,82329.7318210008,89568.2760587171,31479.6548597129,31109.3931342768,21369.6901278824,31747.9862973639,31670.1491932572,32100.5772440344,34362.6020316779,33957.4342946733,33949.5285104498,33036.3692966771,29841.9899250226,30804.8663301843,30078.9948110723,26744.6282340796,26972.6863213258,27570.9920330115,27735.117171652,25203.2483204178,25184.5595426807,25427.6548318239,28020.1205179084,28190.1844280121,85642.1711809797,141397.797055234,44842.9141549102,84805.8032479217,52598.1452500866,138729.718811229,90732.5032385937,40984.4909729472,62864.7857029731,80241.12607445,88596.7324016085,54329.0223292948,18169.0430050628,79719.3413335685,15738.7336594808,79744.8652623528,82696.9758108744,15785.4483632096,15664.8777271935,26202.6700826562,25576.2483470847,15731.095779002,27526.6462422241,27233.4575098463,15581.031936918,19557.1769774745,15530.2436980496,18404.2174364039,12796.3547378725,8913.30823464256,21886.7758340573,35393.3893595401,23413.0042003398,23569.3707670289,19920.5374648999,20377.6938620278
"112",20731.3754318647,14532.9425082086,5502.54835148216,5919.0968524813,13336.9169057261,4108.06447501468,0,2082.46895581206,12208.2322959131,16055.0708340257,15101.6042421942,13764.6338467957,11098.7558680347,14531.6899989923,14630.1957946421,11005.8700379398,15918.2068808067,18665.18313678,14412.3470564711,10046.6922946641,32759.9602448855,14575.2307769848,34208.6060636109,28521.6237654018,28628.48831891,26582.3028814745,64347.9703062042,69364.8847355174,55140.3714084579,53961.5647765535,57034.823568327,59250.7283797968,69556.1750211016,60494.361267393,53485.9479478232,53360.8037395826,51958.7075977792,65691.0652735287,51462.3303970002,53246.4136885139,46418.174303937,50403.6666025549,60735.7733000862,62230.7041328777,67512.2509274639,59875.0496556201,58725.8936632422,72906.2168461293,73368.9289046226,72559.6692169389,77699.0340004861,72175.9338100098,74647.0842080248,30330.1963538539,74528.5676667332,77355.4529673243,64139.3903871243,58038.3974825428,58787.1594935065,68060.9351098393,55033.1081748801,89124.3034582827,82427.0721456008,77267.614683241,14496.1705171562,79766.103046677,82575.1463835811,88579.206640041,88027.1352399923,87542.4401203736,88591.5497859642,91164.9316278372,21681.2029787485,94892.5329538305,96239.5682189708,93405.5119156628,78978.5862779224,87783.6815311871,87798.9819114027,97424.0401919617,99911.2559464141,100440.489807819,82593.389197025,78471.4579407866,85768.2208817196,35367.9641839992,35020.2100894283,23773.1735811157,35692.0059688964,35619.6334425056,35922.5426853099,38294.7344247385,37795.3138178588,37702.1488066436,36726.1508596823,33444.4367805687,34274.8731424162,34013.0709822308,30106.0140364142,30578.0586256117,31294.658854053,31513.8849274854,28982.0406818206,29051.3215397703,29311.8440546023,31994.5120298072,32166.0604892361,81553.8651762613,137789.824564996,40958.4255075998,80706.5461918471,48565.3282413392,135149.027633436,86663.5725084956,37456.0931210862,60533.2888995758,83975.8198690905,84596.7490031775,51034.7950366645,14994.1209508998,75611.6239155733,14679.2157354429,75653.8649495208,78622.7358521614,14713.0224842885,17909.5422728252,22847.4716159222,21955.7350552602,14646.672205622,24484.5748824918,23432.5242230957,14465.2211463652,17941.3492867404,14436.338724874,14647.737095799,10313.4765371781,7282.28405719056,17964.071614362,31376.0170383187,19313.7449585406,19461.3451934971,16111.2006761555,16485.5065452663
"113",21352.3344411255,15662.4428436198,4501.42378561991,7571.08591963078,14283.1961695527,2306.43793735979,2082.46895581206,0,14024.9355700999,18115.8389122704,17184.0608776727,15843.5570048281,13178.5192017394,15638.5172175508,15735.7102258811,12813.7269233184,16096.7884321952,18501.1771975198,15526.9561346933,11278.8479640314,33486.5730010411,16540.4553160237,34804.3583913284,29620.182146215,30147.1086598094,27958.6845524739,62286.7602497191,67296.0661585928,53105.4231111364,51979.3283844894,55045.4823462064,57270.0664190355,67495.4824853067,58513.2512386421,51428.9677316897,51289.5115217281,50020.1533639996,63647.7601859806,49475.4483258012,51165.5482842257,44358.2371085268,48330.8078349469,58690.941291288,60188.1305514893,65463.4532383992,57805.4936451097,56652.2810529663,70841.9705519423,71309.444776898,70505.9499489228,75640.9287797446,70138.600252824,72595.6009754126,31106.6304626837,72488.4419674151,75301.9065085486,62139.8050553126,55994.0094376873,56708.9940796959,65990.0210148981,53095.2038132949,91205.7237782725,84509.5381055183,79348.6848078078,15621.5656487701,81847.2257800752,84637.2244111822,90632.5022626762,90087.8745507551,89610.8229134885,90664.6826055403,93240.9786827795,21743.8893197914,96959.2206849269,98304.262822315,95461.487688839,81054.4370637406,89864.7909554939,89881.4016524116,99501.5708708389,101988.189916753,102518.042408683,84674.7666872512,80553.5218110141,87850.3105425667,33290.9299585789,32946.0625297554,23207.3620807343,33623.4896556544,33552.2714817854,33840.7939146658,36223.6232656194,35714.162790956,35619.9952097749,34646.5030301357,31371.2831292523,32218.1271145382,31942.8694416365,28064.913692858,28504.0982101873,29213.0681678604,29431.4238016845,26899.6003747868,26972.8436179861,27235.0787482176,29933.9416646894,30105.8723615233,83406.6074413871,139855.959399859,43039.8800380696,82690.7953236472,50615.5997858336,137211.341530014,88476.0712042518,39504.6074136958,62245.1199627153,81895.0556550044,86658.1737842851,53036.7009297923,16938.068155982,77539.6459999629,15795.6676836764,77513.4963897172,80643.2788552599,15835.5042197447,17412.0246441294,24852.4021206051,24015.3019173243,15773.9246370437,26405.6973698867,24927.450349918,15604.8529133327,17899.2725255443,15565.9922652176,16098.813877922,10761.177708416,7125.38410175003,19586.411253633,33112.0998457302,21307.9870404397,21406.2548310317,17614.1052690254,18074.4136023259
"114",14612.9570134611,7057.18623691347,14005.8542733438,6523.67957140051,7824.4077945556,15028.3543264923,12208.2322959131,14024.9355700999,0,6734.66189021379,7978.34341460705,6458.55530976817,7040.75592421984,7220.01233617598,7278.72636542203,1212.58301973169,13859.8262667379,17694.5043327772,7105.63549908174,5570.91650152071,24634.944638327,11973.1065276745,26703.9579009478,18699.1993721444,16958.1988963314,15522.7286308326,75699.6424701483,80586.4222698663,66770.560042626,65870.7184387106,68913.8974685631,71162.1661929357,80905.6182201448,72403.3577271404,64914.7711573266,64575.0498758362,63999.0420894239,77237.1109647761,63355.749626481,64165.8405971065,57831.0493978551,61595.5518388092,72275.4112229544,73788.1849825824,79003.6459560529,71104.1102212545,69873.8196635084,84198.4746764447,84728.6568094555,83991.3580191439,89070.7470575225,83765.0699368995,86100.8521392892,22095.5212329871,86091.8447290932,88782.8883241771,75968.2581394388,69586.5402121002,69806.1344668129,79244.5231048749,67073.9442999668,78756.1379441813,72296.1891343192,66905.6643298611,7068.67798777404,69932.4267991927,71539.9119694918,77382.1143199176,76955.4653835048,76633.770039254,77811.5929472702,80480.3884306012,18710.1869978361,83929.8547005993,85231.4093193507,82242.7514959549,68319.5676070677,77917.2962625572,77711.5510767967,86787.5152174136,89243.9553377485,89798.8910418423,72719.0588087305,68518.2661246546,75499.4184871126,45849.8658667757,45414.293514658,24081.9005364849,45930.2991238539,45832.2145580667,46634.7010023149,48563.3505385518,48441.7022949544,48609.0854153434,47797.5779546522,44715.8865080471,45772.3190098533,44316.0916309677,41758.9064350116,41854.8163176194,42312.8938858318,42387.1800581919,39875.1468359109,39675.5656469435,39871.4035880577,42124.8185931507,42286.0281544291,76003.5391668607,126766.151297406,31492.3660947424,73360.5294047186,40306.7874778332,124051.777802148,81528.5850273442,26415.5306078391,48356.9138832752,94812.4507590583,75625.5401609947,39388.4404636418,3527.17655832774,69158.3664906747,7225.10312872226,70086.3111672721,70648.9946701432,7199.05495769593,18983.8301450859,11519.3771398178,11680.7131897953,7130.65883221842,12507.8822852009,23951.5792573658,6950.24638127684,26995.7119462259,7008.54706309549,17408.1674013057,18996.0244287974,18052.290916784,18422.1191341327,28696.2378808926,14621.0004614545,15674.2694166486,18056.4343487186,17627.401223025
"115",20566.4463972867,13417.126417719,19398.9908944678,11667.1440073936,14467.3501776583,19704.2871037376,16055.0708340257,18115.8389122704,6734.66189021379,0,2624.81277742312,2659.31006323477,5685.7758145747,13599.6759025353,13639.6407455141,7411.22882478055,20554.2294532304,24388.4838514492,13502.7130327563,12228.2447200379,29067.2476324924,7910.12488393992,31392.2767389745,22280.9298345478,18211.3336072451,18029.0204151135,80401.9781566683,85409.149507964,71175.6368239197,69873.8173736239,72965.1086143514,75154.2891561779,85610.4595223523,76398.3779934911,69541.0187817203,69399.2319521078,67736.0028755638,81737.0097042737,67389.7576784008,69219.8476950646,62472.6909040349,66437.2273148869,76783.6809606019,78275.9585369515,83563.6671059858,75917.8224049473,74755.9971845864,88957.7897922544,89423.6812919438,88614.0268267766,93754.0636186209,88213.2342989425,90700.2993480487,26596.7509745663,90569.8867823881,93409.7106609095,80094.2684875073,74085.9672384906,74790.7225524451,84099.9135181224,70803.3889890079,73213.3190361825,66600.9812238616,61349.5321566909,13439.8272564696,64071.6378170771,66521.4497790314,72526.6404020805,71972.5827883547,71499.9643755942,72569.1220532014,75163.3199776586,25172.9651766514,78845.597359312,80188.9085807294,77351.0454580114,62976.8079025978,72081.7401069568,71996.0030112046,81436.6147973804,83917.1390858183,84452.9499886917,66882.3872398738,62718.8077973067,69890.6069975869,51147.2707879398,50758.0432882201,30782.8166786167,51356.2802503658,51270.6863535005,51799.8733270935,53982.2949081848,53651.1856028691,53652.1765171784,52721.9968238641,49478.7172483113,50329.9380230524,49703.6647230096,46153.0694424464,46610.0295000074,47266.2180648963,47439.2906926438,44907.2523429771,44871.6387300059,45104.9178112906,47588.9422292959,47755.7534895077,69269.0117217063,121741.513109806,25352.5366254675,66752.4728342282,33804.6709576287,119095.553993294,74796.8867004298,21415.5956582528,46713.0422639976,99943.9970655213,69407.0589332072,35180.1023418863,3824.72883413853,62452.587528829,13566.1022054072,63351.6619758567,64149.777405226,13527.3090194778,25717.1060779794,7248.68964445075,5900.75597429661,13468.6013473368,9860.85009974251,19278.9205057162,13315.5815685057,26683.8704460769,13388.4197114484,14814.4338434741,19379.8969418181,19898.9559158879,14390.7288446662,22576.0462911593,8678.10923861123,9989.49330591984,14880.1822549438,14105.3240192548
"118",22405.6915039224,14992.9981585422,19049.6191046756,11549.1475404264,15786.25039701,18983.0596219961,15101.6042421942,17184.0608776727,7978.34341460705,2624.81277742312,0,1643.3559980657,4058.81019472902,15163.4680332593,15216.1613826271,8307.31672490885,21753.1416330082,25576.3174641988,15054.0870639071,13070.6383903442,31418.0219728202,5285.52518966109,33693.378299224,24749.5485495862,20833.86487023,20591.4908280641,79322.2554151689,84382.3808743,69971.8884473312,68501.2429782324,71606.7747786464,73768.3918166713,84525.2391695366,75011.7441163104,68442.1461878244,68397.2025379129,66262.7749281689,80560.0208225737,66034.446319938,68337.572480067,61395.7960797704,65449.7485657877,75617.562697048,77098.2302333611,82412.1024966367,74899.5104201303,73774.1298853038,87895.3335785046,88329.2957572677,87485.8749393377,92649.4601331339,87004.7204539846,89558.8739787528,28925.1373147132,89372.3330027548,92278.4115186096,78756.0719313341,72920.0236852702,73861.9443408152,83091.2430548087,69321.7159564732,74034.3318692286,67325.7361613317,62181.64028608,15008.4521995387,64674.4906986369,67668.4734003299,73749.4810213959,73129.8001350754,72575.0700377716,73579.9334260748,76125.7824780222,26687.8718484558,79938.1735274234,81302.7546011933,78548.5194412236,63943.5032503631,72691.9426398597,72697.4761807168,82370.3882375276,84862.8292894301,85386.3463087892,67499.6162983472,63372.3424495226,70671.4582463984,50446.2172846046,50085.4230354504,31936.4822684624,50730.9031869023,50653.2086974655,51021.6072774836,53344.4054374024,52891.7615858554,52801.4684763925,51812.0205647686,48498.8077789762,49248.7316905256,49060.7594753831,45013.9695629555,45637.8453336109,46391.1354142505,46615.4838666218,44083.6354139879,44137.3508816373,44390.6216943518,47000.3190567513,47169.9438100742,68483.7418772515,122831.119308097,25866.4173982783,66476.6208985069,33801.0612062017,120223.198563881,73914.1888154206,22802.6352545761,49025.6893935863,99065.2424256095,69675.6693383254,36807.7407070559,5900.5281955997,61904.2160231582,15155.1000603107,62559.1456465288,64072.3822298883,15124.1211607636,26638.142206681,9418.53984412754,7439.12860299544,15058.9335320329,12292.7878961659,16806.6870425146,14887.3182646584,24297.1592084074,14950.9301161958,12218.9708433317,17213.9006580813,18114.7360390803,11795.7241815492,20739.0527511541,6664.87975512644,7813.28179187663,12256.6563772443,11481.8217277368
"120",20997.9476771848,13508.9152978012,17522.2480516149,9955.13228996059,14226.6164349636,17566.0125920006,13764.6338467957,15843.5570048281,6458.55530976817,2659.31006323477,1643.3559980657,0,3039.40831756494,13674.5439423357,13731.2196215365,6706.93694699212,20157.5934322791,23975.1401516486,13561.6150015485,11442.4884341042,30336.3430986571,5997.23907805888,32559.7570189473,23826.089719972,20352.5078001678,19855.5550100302,78078.0638541643,83115.0422210571,68785.5048146866,67403.4025651708,70501.4351088851,72678.6257628763,83284.0988819806,73922.5264121973,67205.3384695808,67117.1201070182,65222.6669847998,79361.7570539851,64926.7205920575,67007.8581145031,60147.7423512628,64162.9421631374,74413.4776427201,75899.9487542646,81201.7664914914,73627.4030837171,72486.1598032285,86644.1906242598,87092.7125346291,86264.9191987567,91417.9583995679,85822.5741183871,88344.3725464492,27825.1105607112,88184.9673736534,91059.3477266299,77640.5034768846,71715.521573915,72551.7917691092,81815.8764310911,68287.0309750992,75367.2483933153,68693.067671392,63508.4151846589,13521.8714278629,66082.949180158,68862.2495624051,74907.5611446566,74319.5437732301,73802.6144592634,74835.901560636,77402.5921328637,25156.3770960545,81158.7358601883,82513.7327459786,79719.6031263335,65216.7035216393,74099.2319549481,74073.8329997931,83659.7980881626,86147.5984075726,86676.226337703,68903.8277446124,64763.7192546278,72018.9565127356,49045.3745678359,48674.7210133963,30326.3139906969,49304.6436023855,49224.3535344727,49648.5245889862,51922.9410943283,51512.2923311349,51456.2514499286,50490.0565832408,47204.9671949688,47999.8465679694,47639.7949218654,43790.8018839385,44339.8023631379,45053.5837138984,45258.1138417133,42725.3067918655,42746.1573969033,42992.4626303478,45561.1248673968,45729.9121078843,70127.0071091864,124056.153346224,27286.3682693342,68084.5512152619,35357.8689526673,121430.605786762,75556.8177423915,23855.6741161417,49352.2260714693,97737.417401462,71180.9915604328,37729.9113029434,4853.85539625565,63538.5106302486,13674.6684261423,64202.4302351344,65650.0759957022,13646.5188077962,25005.1512420066,9904.42466694901,8347.94113249587,13579.4274339494,12478.6415129474,17866.6280391106,13402.3711701876,24098.2926730712,13462.6026301827,12540.3981677109,16728.4630040765,17270.2905502633,12615.6322431338,22240.3316462092,8170.25954357345,9221.90970776884,12780.8240644781,12116.3573127933
"121",21487.5437847388,13840.9830867377,15333.6298211815,8228.35771193536,14148.1787033454,15050.1774590369,11098.7558680347,13178.5192017394,7040.75592421984,5685.7758145747,4058.81019472902,3039.40831756494,0,13980.1047228459,14052.943321113,6744.98576348366,19719.0465408609,23449.5833271752,13854.4239001781,10858.7839025878,31647.5488566268,5193.0814329464,33740.712078138,25500.475421405,22707.7896939956,21877.1876943644,75264.8180286652,80328.1998114522,65914.4882033817,64463.8902116243,67566.9859361347,69734.1231217722,80467.4700175309,70977.7189385518,64384.1674473224,64346.2137952117,62249.5544697419,76501.7737281124,61993.6852812895,64304.5863107184,57339.0602569745,61400.661193133,71558.9945260906,73039.961667402,78353.3609931732,70846.4840086993,69725.0397671386,83838.5842024663,84271.1468288622,83427.0903710719,88590.9918710555,82947.9399780339,85500.0769162186,29111.0415079886,85315.0159467832,88219.6056910953,74713.2461094511,68861.4274356036,69820.1803652583,79038.7336237621,65311.3135454949,78074.2108485386,71349.3433727728,66224.483570266,13842.4421825031,68669.706396222,71724.8670660525,77799.8653769692,77185.7601872259,76633.8443073663,77637.7776677795,80181.0774641525,25071.2456999514,83996.7885760651,85360.8910324591,82601.6166546451,67999.5700509003,76687.2173664186,76715.2257511098,86423.2217153202,88916.56339986,89439.0221388097,71497.9577582606,67380.8793657864,74705.1731078463,46465.8261113317,46114.870744047,29676.8198127643,46777.0846715129,46702.4398908181,47017.4755554821,49384.3643819171,48892.1831624713,48778.3914321134,47776.9388186059,44452.9956575954,45192.4536633244,45101.5051156111,40955.4517784389,41593.7824221077,42364.7792503818,42601.1545002647,40070.5628287363,40150.0097249914,40409.5954452557,43063.6421481951,43234.2702981219,71585.6492711468,126889.904464974,29863.8938469006,70028.1356338956,37577.2893313344,124281.247142444,76905.5406243365,26810.4612802311,52299.0609460574,95029.8794456419,73547.9290029854,40740.7339698996,6913.9722412817,65241.194979955,14017.921146649,65662.5273809729,67761.2972680252,14002.9201172555,24116.911453077,12934.2567159122,11343.1975316572,13929.5208275781,15414.1040711275,17026.595904609,13733.8106274756,21310.3206047722,13777.1222178884,10480.388193486,13776.6758787024,14232.3363862173,11415.0400585383,22649.737718876,8999.79926766072,9646.1781333583,11034.0707394935,10586.673996164
"122",7517.45015538597,195.042901503997,13422.1877531492,9090.00147171188,1807.43104983201,15572.462373331,14531.6899989923,15638.5172175508,7220.01233617598,13599.6759025353,15163.4680332593,13674.5439423357,13980.1047228459,0,98.6601277069302,7241.14621934023,7361.18687719091,11087.9499542132,133.327429092892,4527.40020335797,18618.2814727573,19083.9721046598,20386.2132848138,13998.6117636319,15294.2358051435,12627.5827494573,73965.1219441319,78634.9532721151,65552.5664271493,65229.7314405656,68176.4882188453,70485.2906796798,79131.8959562612,71711.64884417,63387.5732863616,62747.4394376972,63737.4542791819,75792.9996700516,62699.3430553389,61975.4212090746,56360.5145426539,59771.3450430239,70857.1298805749,72387.8281118692,77458.7160138059,69234.3270108716,67907.372438013,82322.2080370304,82946.5206229929,82321.7679743569,87282.232920658,82352.9579650369,84453.4249692751,16110.1174774738,84622.5134089921,87080.1163746812,75066.9072217577,68204.2392737171,67677.9267927929,77251.1325480903,66789.4857985078,82694.983756327,76496.2526606252,70929.0032977508,161.226903337851,74401.7439044834,74777.549948502,80362.8707584931,80110.5230243794,79997.6638051905,81320.7553518222,84081.7607003563,11574.9215944872,87186.4801597932,88423.9470934611,85244.5108995916,72027.0352867786,82309.9228303426,81916.8384664936,90408.9469367383,92820.4263349718,93400.8758808397,77136.5598714427,72898.7135990999,79552.6089280496,43487.6291323683,42977.2151098915,17439.1788538041,43334.5793388741,43215.2620812591,44489.1295892338,45936.7462225137,46188.4641382256,46635.3871761349,46033.4963073897,43271.370497511,44624.7486387642,41820.2564373233,40948.8823204641,40486.8595775076,40612.6875081495,40520.0417178974,38102.1352844219,37624.6540421022,37749.4467736566,39531.3115094108,39678.6725683411,82540.0277279948,129797.961538983,36755.5513980665,79278.9502246873,46091.9459221056,126993.527952909,88159.4574145117,30399.3955072296,47903.2927176468,92300.618430971,80679.3957720634,42034.7781904806,9843.63529770416,75441.0658367121,173.617290919172,76639.7564131577,76292.4202190347,232.651018104634,12994.5479510445,16220.258518729,17435.0662837511,216.042907243584,15732.2346243503,31005.8945472311,285.972408541658,31759.3443972064,212.655666700435,23901.1780454199,23696.8542981431,21622.2047881292,25376.5744871259,35900.5438910557,21823.4107583148,22893.72611156,24748.5329467509,24449.2783498612
"123",7440.90936932054,223.485456160633,13511.328445584,9187.61104380144,1873.50604809682,15666.1113648749,14630.1957946421,15735.7102258811,7278.72636542203,13639.6407455141,15216.1613826271,13731.2196215365,14052.943321113,98.6601277069302,0,7312.23024581998,7361.83203304877,11078.4913689314,227.378503283092,4625.9001408478,18522.7870341148,19152.7450005186,20293.6842769207,13900.50374149,15214.3333883633,12539.7068003029,74031.9284659389,78699.2329414736,65624.9651694903,65307.3479242631,68253.127253758,70562.3467676281,79198.0643151346,71788.5227710901,63457.0742339288,62813.8786879188,63818.2557507894,75862.6944489853,62776.9642299344,62037.9394599095,56431.0627411715,59838.0215537996,70927.3078095971,72458.1100104759,77527.3255232021,69299.9356100142,67972.0093257896,82387.1552827557,83012.4507924718,82388.9037082828,87347.9412943422,82422.711368017,84520.7129787354,16014.0649627151,84691.6138377133,87146.7365520092,75141.7864527209,68274.906409765,67740.7897234916,77315.012755794,66869.9585222063,82663.5532667291,76469.1329649631,70899.4472242802,211.262897162465,74379.057002796,74736.4550199534,80318.0628730588,80068.0436364877,79958.0411985482,81283.1062416907,84045.3050683709,11533.5488427258,87145.0742869184,88381.6226518545,85199.7665253442,71992.7067345229,82285.6134368656,81889.549361678,90372.5321913613,92783.2812260641,93364.0764773716,77112.8886775794,72874.6572498112,79523.060166703,43549.9655321712,43038.7528947081,17424.2513700541,43394.1851052522,43274.6283484984,44553.7842945142,45995.6367367895,46251.7005406326,46701.6582593406,46102.0499554034,43343.4631482914,44699.4796823528,41881.2703446775,41027.043969535,40560.061821096,40682.6050394104,40588.2507652025,38171.70314733,37691.3762176322,37815.3734051041,39591.5207948924,39738.6910413366,82560.8672629894,129752.421005668,36750.5396676749,79283.8093751241,46095.8973116023,126946.855766777,88183.1213337863,30374.9776873075,47824.440410252,92357.9757001235,80666.5651442539,41989.1088483128,9878.02698074855,75454.9734066361,109.03230109357,76661.2568277238,76291.3495329685,172.926645980218,13004.9128012652,16216.0888426336,17447.2981064885,189.776722248983,15707.4521280236,31078.1143991425,328.945616086345,31856.4572592153,275.832327901844,23984.9507605541,23793.5670272154,21720.7956339567,25451.5973508259,35954.1248875145,21877.2042465443,22951.32465447,24829.2838738447,24527.4408317389
"145",14742.8759752546,7098.78622187862,12843.7976585038,5313.9385655172,7562.97797993761,13822.0543570776,11005.8700379398,12813.7269233184,1212.58301973169,7411.22882478055,8307.31672490885,6706.93694699212,6744.98576348366,7241.14621934023,7312.23024581998,0,13450.7440451652,17270.2377897619,7116.861035765,4832.47988168416,25167.1020400302,11848.1991664903,27164.6617857758,19445.2553549867,18024.3436931899,16464.8041144991,74517.4633597747,79412.26269174,65573.0683436786,64661.8027197628,67706.0921794574,69953.3304661409,79724.0978291894,71194.6356161858,63727.126180027,63399.0145183571,62786.8808825162,76044.6120402886,62147.2591302129,63006.9018195827,56643.171071876,60420.2028156671,71082.8367569092,72594.8315971107,77814.1483706391,69928.2888674816,68702.4969046506,83020.5544460461,83546.900515806,82805.4994634755,87888.6604262491,82570.7957658824,84913.9337168263,22625.8839147393,84899.0447134261,87597.6249184729,74762.5784694268,68393.2939132248,68642.434693693,78072.4464493088,65861.801462585,79837.7600221906,73354.3760668798,67983.338656946,7101.36700749158,70962.0817931761,72678.5980909904,78535.2234687869,78098.1186933327,77762.5429875528,78929.4634618785,81590.4483737212,18523.1928678189,85064.361867686,86369.9055547155,83393.655934953,69424.6300320682,78952.8470828637,78767.4045223857,87894.5163815089,90354.0244472279,90906.8227399652,73753.5827411987,69558.5746968909,76571.2064456625,44709.4439444129,44278.7510010748,23629.663947156,44804.4835214265,44707.8844899364,45481.4264129699,47437.5822013344,47293.2022717873,47445.7924773831,46624.9761634699,43531.9094010289,44578.0032820264,43185.1244849516,40557.2339046316,40669.5405295309,41140.663747392,41222.5998497988,38707.9840625547,38522.547092631,38722.0888133422,41002.2186871492,41164.2018923441,76618.4526052436,127909.519585927,32448.0755071278,74151.2300734136,41151.3478180979,125200.84121462,82106.7802906365,27532.9019365571,49544.91673069,93664.0289844664,76575.7700364616,40571.4336832841,4568.14129756478,69857.0949095328,7275.11554564785,70697.4664750635,71499.5698318293,7259.18630275354,18387.0961101266,12634.7341386677,12641.6243718965,7186.07925052887,13707.936851827,23766.709658943,6991.45721457697,26072.3778966846,7036.55034149643,16894.02561286,18037.1291604721,16950.7654273531,18155.4495455723,28890.8494515121,14852.9527212014,15819.2935667183,17634.1190592834,17274.1308760178
