"","1","11","131","133","134","136","143","145","147","148","149","15","150","153","154","16","162","169","17","171","172","182","185","186","19","192","195","200","203","206","210","212","218","22","220","225","24","240","241","244","246","249","25","250","253","255","256","257","259","260","261","263","264","265","267","268","269","27","270","271","272","276","277","278","280","281","284","286","291","293","294","295","296","297","298","299","300","304","305","312","321","322","325","329","333","337","339","341","35","356","36","362","377","38","383","390","391","393","395","4","40","400","401","402","405","406","407","408","410","411","412","413","414","415","416","417","418","419","420","421","422","43","44","45","46","48","50","56","57","58","62","66","7","76","78","99"
"1",0,0,0,0,0,0,0,0,0,0,0,0,0,0,0,0,0,0,0,0,0,0,0,0,0,0,0,0,0,0,0,0,0,0,0,0,0,0,0,0,0,0,0,0,0,0,0,0,0,0,0,0,0,0,0,0,0,0,0,0,0,0,0,0,0,0,0,0,0,0,0,0,0,0,0,0,0,0,0,0,0,0,0,0,0,0,0,0,0,0,0,0,0,0,0,0,0,0,0,0,0,0,0,0,0,0,0,0,0,0,0,0,0,0,0,0,0,0,0,0,0,0,0,0,0,0,0,0,0,0,0,0,0,0,0,0
"11",0,0,17380.800360342,18269.3599338895,2074.09220822805,2124.01347842273,2619.97134916983,0,10584.8787826691,15774.1027928153,8076.49991972693,13128.3839063583,0,11438.4680382783,9997.90835734449,23555.9472374308,2283.22228307028,19488.7310464367,0,21091.1849820016,11702.3447006183,8342.84881256125,8595.92633300122,0,12820.9452591389,12214.6112250927,76827.5420509069,75984.1840568487,68521.391173264,77324.8688745353,76741.5554613751,72918.4871377922,61466.5487228674,13410.860860179,73990.1299610126,55732.5358614356,20968.1174108378,68697.0361915589,54342.8809044392,48744.8210508015,69627.5444185096,69055.2117005852,11111.6807626157,69725.6733655244,77227.5633072357,78454.325431967,68332.8270287399,0,66099.9413940722,79732.6557880442,80514.7944609545,81139.3780196913,82459.1519420983,80515.4189883113,79866.8806819456,80550.1937880328,0,0,82833.4657340927,75617.001600058,81639.7603409875,84015.3627281302,85273.3648456776,0,74605.9113555631,73728.5632023058,71570.1350603246,66391.9782256811,64834.5740586509,68086.079758672,66468.4891998163,75443.7934000774,63688.751600447,0,81975.5827333949,0,61696.9643947791,0,79565.2263984161,76008.6274195427,79644.2989702325,77893.8938262154,84019.238871736,0,90427.501432238,73722.7642313589,83929.9852890622,83963.2635359165,7972.45679607144,0,16329.9173064865,42681.6985402594,39179.1151023612,1917.73458114455,39193.2146488615,0,83638.8423965018,38197.7893182057,47427.1401498504,8871.51489028565,0,32027.4114387948,0,72929.8629204338,28870.3640590786,82194.5579759708,82910.2343523533,0,0,0,81132.2947112252,77465.324697496,82645.3207586845,0,60588.7562271036,0,82478.6339771013,76639.8923496233,77190.6112274651,0,77680.9698421412,12559.5892055811,11687.0837564487,5076.263154279,9366.77897729344,2064.32537282635,0,0,18695.9431600523,14998.6919526551,19857.7711274345,13267.7225857456,6044.8141972819,18526.5720995331,22861.9188709954,14182.5958772737
"131",0,17380.800360342,0,3789.97701599552,18556.9511993021,18617.2873276415,18168.1784568336,0,16047.209634756,9775.81812336947,24631.7067532023,5753.66121585689,0,26708.9126509725,12148.3475263921,32606.8743556939,16013.786738903,19824.558992385,0,19175.1901036365,16049.9854079135,10766.6442967781,12222.2226956889,0,18612.257245746,25805.7790991644,68670.182573941,68542.535175124,63292.8281127502,69580.3515376331,70871.1049586539,66175.2455132073,57862.8157189175,29037.7867016476,67159.416982652,51525.6742673412,25081.4274331412,61601.6134776918,49485.8068179765,44811.794609779,62821.2670200825,62482.2838173172,12078.2394071986,61814.183289998,70127.3643689095,71539.6458610229,60949.4036886353,0,58304.7569607498,72594.3307607048,72427.2040442617,73259.4735363102,74447.1809894293,72923.9256025182,73220.7048127548,73578.2510231998,0,0,75449.3328521154,67755.7204223669,74342.4732526426,76447.1968568349,77470.5784816806,0,0,67365.7050262269,64308.6733938178,58429.4996651143,57801.2600420437,61984.9168697617,60526.2005429052,67229.679024171,56348.9398267576,0,75272.9267662262,0,55952.4357293716,0,94543.4179221903,91542.8737959966,94044.4339992404,92087.667042447,99126.547090752,0,104521.93030375,88319.4427796465,0,99583.2834187111,20646.8926020576,0,1174.35004494126,36090.2628160095,36538.374927291,18506.3351007927,33248.1325011257,0,100978.738242293,54842.8623816151,64387.3830086884,8600.68239976714,0,47734.7138550455,0,67158.3042997437,40730.2032317989,98358.7072358557,98879.444607096,0,0,0,97510.9535981488,94789.2451584768,98531.2062018687,0,77036.3354854651,0,99795.1894177601,93866.9710279136,94497.7435080021,0,94438.2688852067,29884.1058825944,29061.5658768524,22448.5041171228,23680.5413062421,18613.2661967661,0,0,35857.7380265902,31220.3967997842,10949.1449771331,10992.0812264031,16186.6494110578,32406.9408545675,0,16349.6379967227
"133",0,18269.3599338895,3789.97701599552,0,19075.544140381,19131.4304858803,18526.0713259141,0,14585.2739219562,6939.6228635416,24770.0455689189,8788.45526800539,0,26308.6770410104,14937.7470583733,30487.644143724,16537.5530436217,16850.8680153677,0,15901.6859085271,14330.9778367766,0,11509.2252976065,0,16789.1279434314,24991.5004591011,71998.9613082114,71954.3744400807,66913.5948123505,72955.4062958456,74426.3091006379,69664.8163806585,61585.03120848,28662.2891094771,70637.8836806387,55234.1927470472,22402.2610735977,65070.6343355475,53166.5601060429,48548.918557072,66314.5649650919,65998.2394725823,10580.989140983,65194.9043041309,73570.9514427399,74998.4259723237,64391.1969472103,63233.7629692718,61711.710191683,76027.6466881769,75753.5461346328,76608.5478657663,77777.267445425,76307.2285333807,76701.7229361069,77026.289061105,0,16299.6215401339,78849.3627527461,71122.6787372147,77754.6236078844,79824.3142487063,80818.0917204828,74575.8809159131,71856.928444278,70887.1046569279,67752.2215435888,61817.0326076958,61289.3303857912,65543.1002978873,64101.3096645227,70555.9931292578,59812.00091691,0,78743.8381416867,0,59556.1222379204,97860.6771843243,93306.0105344787,90536.5078299575,92603.7625953633,90584.9437127226,97926.8496860767,0,102954.836956921,86962.7643058116,98231.8075945947,98594.7211308585,20031.3287727535,0,4540.37025227276,39720.8554002412,40323.8354098611,19057.4370587974,36937.7910481909,0,101311.948368289,54555.3024565351,64283.4311370085,9494.8372825259,0,47035.1640141271,0,70729.8620045386,38993.8415341962,97636.6032232627,98055.9241617511,0,0,0,96910.7986337844,95086.7208762508,97667.7100965255,0,76528.8611364304,0,100069.915448755,93987.3913177923,94757.4227737203,0,94092.932953161,30421.2578316393,29734.6550349128,23197.8857276246,23182.735608371,19142.0014766031,0,0,36123.1469837067,31007.1446828547,7278.9383561347,8900.77788488247,18269.7454971891,34666.2556981923,37726.4081594085,19641.8799276489
"134",0,2074.09220822805,18556.9511993021,19075.544140381,0,0,922.687545172484,0,9612.83116578328,15834.9674675724,6293.62089013771,14702.7320292393,0,9429.8521083689,12011.003792903,21583.1824772653,2555.43655764173,18441.8480411498,0,20231.5935286397,10756.9577646751,10190.4325858806,8524.74738459454,0,11518.731546023,10141.2737419168,78900.2652821579,78058.2410016929,0,79398.845575894,78805.3293648747,74990.6801574311,63498.6746092664,11469.9610999255,76062.6213465022,57782.582681676,19441.9619074637,70770.8974132649,56404.1066881161,50797.1486701291,71700.4631806788,71127.0749820342,10877.4530523117,71798.6971297098,79300.8422749288,80526.6973392077,70406.910937909,0,68173.0039817625,0,82588.1145253282,83213.2714896598,84532.8163335452,82589.5026489504,81937.4197169469,82622.6200718223,0,0,84907.2136881288,77690.6792042989,83713.3510092177,86089.3800125216,87347.4377028543,0,0,75798.0774388883,73644.1253632839,68464.3250613077,66908.532556945,0,68536.2166999455,77516.081003566,0,0,84046.2001027586,0,63764.4586067556,0,77685.7496532419,74197.3051685323,77709.0518338151,75941.1468594054,82156.5292115002,0,88472.6755814633,71801.7184190931,0,82168.4547024059,6051.28497339231,0,17561.6934666254,44754.7748380591,41222.4012630108,166.485801943149,0,0,82433.9541638172,36587.5040349311,45944.170890563,9956.88552571162,0,30191.8408117673,0,74993.6527940473,0,80494.4989513265,81172.7362704528,0,0,0,79479.3072515996,76237.8880871038,80892.8775418671,0,58942.5362653389,0,81241.5281579597,75317.2633505198,75942.4391031775,0,76132.9682089185,11372.4056052002,0,4221.97234750105,7292.69146348712,79.9926049989435,0,0,17307.8694042196,13191.5836664307,19908.599712077,13160.5985219753,8093.55180307451,19310.6173833959,0,16253.8931311439
"136",0,2124.01347842273,18617.2873276415,19131.4304858803,0,0,936.614934552067,0,9629.12699964736,15877.6577549674,6231.14497637808,14765.2566834857,0,9371.7486125381,12067.7672274635,21548.6015695668,2614.11290318393,18452.7742302129,0,20248.6028262557,10773.5625696125,10251.2929949321,8567.14575854017,0,11521.6908405744,10092.9211770482,78951.1869826011,78107.6100174143,0,79448.8281311909,78850.9350566803,75038.6190735497,63539.7991100724,11409.6165133509,76110.6982423255,57825.9449164017,19433.567325261,70819.9221205397,56449.2478700792,50840.8566156486,71748.7638548349,71174.8744546722,10914.7264648027,71849.4660790426,79349.3600404391,80574.7155917091,70456.6067290297,0,68223.7513559296,0,82638.7105943594,83263.3756122593,84583.15827043,82638.9828913662,81984.7260533183,82670.6631778544,0,0,84956.1086364777,77741.0094689067,83762.1007477856,86138.6465707519,87397.1876494514,0,0,75845.066783891,73693.340392811,68515.4124282839,66957.6943799117,0,68582.7245585254,77567.1944500875,0,0,84093.5316076386,0,63810.9126283467,0,77624.6364546871,74135.3876155863,77649.0049215685,75881.5436415624,82095.1800443444,0,88413.1416662154,71741.3475163502,0,82106.4085935537,6023.27892821159,0,17622.5594299646,44805.5104838191,41264.9292945969,207.413668368601,0,0,82374.334251742,36525.039766309,45882.2117354572,10017.1024186977,0,30130.0670385461,0,75039.2652239376,0,80432.0178062368,81110.365819502,0,0,0,79416.7813159149,76178.0337512275,80830.5720412239,0,58880.013035602,0,81181.5572058303,75256.4528124118,75882.3630144254,0,76070.6529163326,11314.3448885395,0,4174.5964577976,7243.30469795585,73.440580760929,0,0,17246.9406738328,13129.4024869342,19950.4349462499,13200.1063717986,8137.67006867688,19297.2361419154,0,16301.6177973018
"143",0,2619.97134916983,18168.1784568336,18526.0713259141,922.687545172484,936.614934552067,0,0,8692.5589579259,15060.3570055448,6497.56538981347,14549.1596204213,0,9304.04585151096,12264.9417132816,20936.5954942426,2218.59555719951,17519.3132778166,0,19312.1783691251,9837.05240310433,10269.0915933864,7753.54859607385,0,10606.8680989785,9738.51877773188,79287.338497296,78479.7765900028,71093.4567672697,79807.0181522882,79300.7956669435,75441.9315393694,64069.7381355447,11440.2042362831,76511.0416403915,58318.4023206972,18570.8351550141,71200.1802582968,56909.5006589005,51327.9024290178,72144.6318678331,71581.3499918083,10052.3228570715,72189.7299021355,79740.1211993847,80976.0489314148,70821.9108560562,0,68564.7976907224,82245.9050646391,82982.4218741081,83618.5580956389,84932.7456942603,83008.4111243442,82400.7715962561,83071.3656201698,0,0,85338.396637389,78091.2439184816,84147.6145972802,86512.6785016435,87760.287727678,0,0,76267.8847301724,74069.2034139628,68848.2716272443,67335.212510804,70629.3138348066,69015.6299374935,77898.7981711807,0,0,84508.9597865032,0,64245.2372907184,0,77671.6858031198,74251.1251552911,77630.9098506238,75840.6969677076,82159.3738043419,0,88368.0790857598,71741.7214942096,0,82236.1090440037,5352.84087984689,0,17203.4604460487,45149.606493707,41773.8625154145,1048.55291069518,41677.4393699233,0,82878.4012643839,36814.2743236885,46248.2563566871,9578.55012341241,0,30239.6700451062,0,75489.2016573611,26391.3478334157,80641.0575462633,81289.4486900254,0,0,0,79661.3584699175,76672.3811237587,80997.2951746123,0,59133.7456137445,0,81670.4599858678,75703.5483913899,76366.7538874466,0,76387.6193078196,11896.3824330342,0,4976.86132171517,6927.44733715493,998.892301404873,0,0,17702.3717020517,13303.4565032265,19123.1343822,12354.299219056,8647.09706529667,20233.0176358104,0,16725.2527370107
"145",0,0,0,0,0,0,0,0,0,0,6381.25612329313,0,0,0,15297.1383465287,0,0,0,11848.1991664903,0,0,0,0,0,0,0,0,0,0,0,0,0,0,0,0,0,25159.8212251242,0,0,0,0,0,0,0,0,0,0,69928.2888674816,0,0,0,0,0,0,0,0,0,22625.8839147393,0,0,0,0,0,79471.8519056413,76411.715802453,0,0,0,0,0,0,0,66146.2903859031,65862.4307426281,0,62382.9449015203,0,79837.7600221906,0,0,0,0,0,0,0,0,78952.8470828637,0,11355.2031915023,0,0,0,0,0,0,51602.9144625689,0,0,0,0,0,0,0,0,0,0,0,0,0,104264.619101873,0,0,0,0,0,0,0,0,0,0,0,0,5158.0772640078,0,0,7218.01983779784,13142.3673455117,0,0,0,0,0,0,0,18037.1291604721,17411.7194557164
"147",0,10584.8787826691,16047.209634756,14585.2739219562,9612.83116578328,9629.12699964736,8692.5589579259,0,0,8629.86248940512,12589.8944823134,15296.4422987209,0,12658.4353389207,16627.666738118,16843.0086546087,8395.94333682504,8903.86075552763,0,10620.4287302867,1145.47275499131,13808.2967684432,4455.54714841749,0,2962.01474955021,10723.533603502,82766.5287539951,82282.7049065357,75787.8187957858,83479.1692205311,83784.6929596803,79536.0204174963,69329.5193831027,14938.3771004496,80573.2201486742,63296.8391608525,11209.4741528999,75116.3060122349,61624.1929004526,56321.0552482525,76192.1294448177,75725.3082234754,4024.38919356289,75747.0177965697,83701.0671801862,85024.4145645972,74608.8864611429,0,72153.3472242324,86201.7857278987,86509.9141572872,87245.0645740511,88503.2687444256,86764.4277222637,86572.5126805611,87104.3659520894,0,0,89197.9248099174,81701.9499260602,88041.116393611,90293.6644173184,91438.5533615315,0,0,80529.1019373067,77929.2601267811,72362.6326767615,71252.8741806107,74965.48332311,73406.3132444049,81345.1846049394,69948.5694462986,0,88665.900547998,0,68679.8032836413,0,78731.1543496158,75959.1122138716,78092.2056416843,76104.350509867,83346.9500262543,0,88514.6869178952,72416.8908429812,0,84018.9706853506,6503.73838866412,0,15535.7373923871,49007.9973753438,47059.2397888556,9724.79271884692,45729.1350445143,0,87967.6866337372,40524.4797511589,50431.4660546903,9701.26706425318,0,32634.8266957568,0,79992.3195040762,24684.2982901203,83147.6138326947,83523.4349071089,0,0,0,82490.9412027839,81703.5455714308,83121.7439311632,0,62199.5819015991,0,86633.5150332766,80332.0027729508,81313.677488299,0,79877.1753879339,18768.63064244,0,13305.4866314894,9558.85822204452,9690.29647967978,0,0,23400.5349798243,0,12154.3361825127,5894.11923834777,15379.8201700721,28917.4406539682,0,22149.1324364677
"148",0,15774.1027928153,9775.81812336947,6939.6228635416,15834.9674675724,15877.6577549674,15060.3570055448,0,8629.86248940512,0,20501.6911090123,12135.5963866426,0,21177.4412949079,16633.9430873512,23631.4906564686,13597.5838313851,10053.3452766451,0,9517.26776149577,8058.02274131168,13956.2386176878,7310.75636364816,0,10281.11814071,19353.3871592456,78422.8082966882,78253.949988723,72746.3354752484,79312.8214975946,80435.4902229839,75823.3904681712,67008.6760067866,23493.4284018041,76818.1028578439,60742.9115466344,15474.0765304608,71271.701686236,58804.6594942825,53914.9826800539,72467.3160763186,72103.59412485,5177.10840656912,71545.7138118891,79815.3991520651,81214.5633955184,70642.3809745778,0,68022.6706307715,82289.4873035586,82180.1236370549,83003.3979257574,84198.4615537803,82651.281453621,82874.3519483008,83261.5379343943,0,0,85166.4008326122,77492.6134710617,84052.0754039678,86177.1459058745,87214.4868529097,0,0,76977.6438632613,73998.8994022211,68158.4805644152,67455.4853934671,71550.928150718,70067.2185314737,76983.4021607455,66026.9970085205,0,84935.5438534477,0,65447.9850438981,0,86860.9254019499,84280.1487651023,86016.7792319888,83959.9524532656,91505.998786063,0,96283.7294626813,80437.3649645628,0,92344.1151920326,14877.9249852352,0,9839.10814451472,45566.8029572109,45228.2961074576,15875.6277848041,42584.5179072338,0,96532.3282272237,49154.3049023613,59054.7983658537,8977.89057484021,0,41209.4876919682,0,76699.8533511961,32307.4980918978,91630.2943578349,91953.0152191623,0,0,0,91026.6160265042,90273.361509547,91528.5907123823,0,70783.1957115278,0,95213.976689183,88942.3567310512,89893.9124226416,0,88485.8779964718,26565.0881308308,26126.2804430788,20035.0891562522,18035.1096000785,15912.7446688866,0,0,31691.8606219384,26000.4231793476,4086.54381130743,2848.66578412467,18070.5564766267,33918.0141320333,0,22159.5391829468
"149",0,8076.49991972693,24631.7067532023,24770.0455689189,6293.62089013771,6231.14497637808,6497.56538981347,6381.25612329313,12589.8944823134,20501.6911090123,0,20991.6191357444,0,0,17985.4812204561,0,0,20267.2191657674,0,22539.395334971,0,16412.2459278589,13476.8208692851,0,13152.5184776596,6359.73079541406,84236.9133768231,0,75358.7192298375,84651.29701995,83663.9995482294,0,0,0,81147.6060863931,0,19357.9796016928,0,0,0,0,76193.0280639153,0,77128.2516574007,84422.0635979638,0,75642.8108191607,74788.27113147,73504.4617900642,86920.7825936155,0,0,0,87794.1772096368,0,0,0,17769.6676171203,90057.2611449598,0,0,91271.9393824157,0,84670.7041166308,81637.0201294669,0,0,0,0,75128.8069126341,73489.9855131588,82870.93235408,71024.8332314273,0,89055.7377880751,67409.4247007917,68720.9712820154,76306.5374892303,0,0,0,0,75943.9727062589,0,0,0,75855.2886064919,75898.9206257468,6254.49024614956,0,0,0,0,0,46588.5752668533,0,0,0,0,0,0,0,0,0,21988.3930352179,74200.891231879,0,0,0,0,73191.4375921947,0,0,0,52657.4402280342,0,0,0,0,0,0,6178.80499008435,6065.95379654333,0,4238.379860301,6257.52862594298,0,0,0,6923.3303926475,24410.2172449439,17664.7707113539,13402.4571556814,0,24329.8934738745,21562.4900648929
"15",0,13128.3839063583,5753.66121585689,8788.45526800539,14702.7320292393,14765.2566834857,14549.1596204213,0,15296.4422987209,12135.5963866426,20991.6191357444,0,0,23711.2234248582,6397.94974344091,32096.6469964501,12333.8187893359,21422.2869652328,0,21465.3991852573,15708.0821288128,5370.98347774408,10869.9502401315,0,18207.9303200205,23425.6194235879,67535.5614071439,67130.4264054278,61050.3691950175,68289.7868796831,68898.8244372671,64488.3118201249,55044.3789601042,25936.922673978,65510.6903549202,48837.8565405172,25847.9754472609,60015.188210635,46990.6272919216,41950.2861170742,61135.6396646841,60708.5925703263,11947.0210396997,60542.0203326423,68595.5649119033,69946.6421139744,59467.3201721103,0,56962.2712394677,71089.7729228889,71284.3760174752,72039.8727880049,73284.4302997505,71591.9093024439,71538.1029342654,72016.9033391478,0,0,74050.8518833444,66500.3115273104,72906.0697693886,75122.9335771251,76240.4965761929,0,66486.8355109638,65547.7930915812,62802.9308935231,57153.5693126169,56163.0657065482,60037.3978609578,58511.3374576154,66109.5894029003,54815.1021562914,0,73621.125055153,0,53829.8456926968,0,92091.5705592665,88769.2287780979,91897.7921986818,90042.0002133307,96608.4162295166,0,102545.176297445,86062.0688195168,96639.2415496851,96765.1587345938,18225.9930612014,0,4601.06053709116,34009.4962545747,33125.4959047275,14613.2043069814,30861.6177586824,0,96579.8799842105,51282.7170772847,60555.5239243798,5735.16455992101,0,44765.4989855122,0,65129.3140843083,39404.7931047605,95184.985620262,95838.5298668243,0,0,0,94181.8634637873,90435.9898443798,95544.6813644916,0,73645.2205817896,0,95457.4020971938,89700.6262024864,90183.7704383148,0,90800.5380624356,25631.2140248191,24673.0197540164,18137.7641819881,20933.7426842392,14742.6514958066,0,0,31819.1461905006,27851.2236045364,14781.6705090881,11976.6826568157,10738.5413423387,26741.1238649112,29355.138889595,10860.8782599581
"150",0,0,0,0,0,0,0,0,0,0,0,0,0,0,0,0,0,0,0,0,0,0,0,0,0,0,0,0,0,0,0,0,0,0,0,0,0,0,0,0,0,0,0,0,0,0,0,0,0,0,0,0,0,0,0,0,0,0,0,0,0,0,0,0,0,0,0,0,0,0,0,0,0,0,0,0,0,0,0,0,0,0,0,0,0,0,0,0,0,0,0,0,0,0,0,0,0,0,0,0,0,0,0,0,0,0,0,48675.6890747817,0,0,0,0,0,155207.66504249,0,109300.730928065,0,0,0,83840.526830783,0,0,0,0,0,0,0,0,0,0,0,0,0,0,0,0
"153",0,11438.4680382783,26708.9126509725,26308.6770410104,9429.8521083689,9371.7486125381,9304.04585151096,0,12658.4353389207,21177.4412949079,0,23711.2234248582,0,0,0,14841.8830662906,11455.7658573092,18943.2883880979,0,21423.4232571615,13495.6123524206,19568.7457756632,14799.7153137618,0,0,3079.88349246997,88083.9686177164,87150.9237960768,79351.1102591556,88528.154061833,0,83993.6034060914,72009.0897011002,2353.7063633957,85073.990564823,66478.1701899333,0,79845.9653927775,65232.4626723551,59531.5888643717,80729.0679584753,80123.3042699252,16119.1200837722,80976.4094571589,0,89531.6936695853,79523.1175710895,0,77351.0206647765,90840.1508801335,91752.1858740921,92348.3992542211,93681.5229335126,91687.1151171293,90893.6324272989,91628.171398589,0,0,93967.1661003387,86841.1006224662,92764.5265889936,95172.3450841523,96459.8177092946,0,0,84736.3841343111,82729.4318772256,77660.9136173317,75994.3585714985,79081.4960287722,77446.8932410677,86710.8524805447,0,0,93002.9537326544,0,72675.9186591012,0,68400.1772776306,65070.1888125202,68327.2850615882,66537.8828261163,72904.1213378298,0,79066.2444264585,62442.2147269607,0,73077.4886021687,0,0,25866.8813771252,53946.83024404,49895.1468032952,9566.35511725027,50427.492368838,0,75355.4286843601,28247.8582317285,38004.2628917699,18370.7735303551,0,21095.9129262835,0,83835.1699724826,17941.7218660253,71670.9441864897,72238.7873459533,0,0,0,70802.0857509182,69097.7380101956,71917.0129078021,0,50334.0146548044,0,74042.908646424,67814.6135132263,68722.9944924571,0,67809.0063746891,7889.84145909842,0,8333.67461925698,3152.88281963172,0,0,0,10939.7270806263,4828.93784008109,24812.6719211198,18348.0744301527,17153.0798716979,22799.133087515,0,0
"154",0,9997.90835734449,12148.3475263921,14937.7470583733,12011.003792903,12067.7672274635,12264.9417132816,15297.1383465287,16627.666738118,16633.9430873512,17985.4812204561,6397.94974344091,0,0,0,0,0,24457.5802399266,0,25117.6966833897,0,2877.45763352335,12438.7280200656,0,19542.96968569,21979.3132296066,67131.9531822886,0,59406.1089480664,67700.8750924436,67509.21306471,0,52756.9642457401,0,64529.7147369652,0,27826.2288593476,59159.8099641707,0,0,0,59626.1787888682,0,60046.0229997743,67725.0383946864,0,58739.5093301137,57788.3959698855,56424.7347218969,70231.5268459827,70841.4661121174,71503.3538781574,0,70929.4422747946,0,0,0,22459.8297773557,73294.0396908964,0,72113.4918540781,74444.3437048307,0,68223.743238465,65268.8898566925,0,0,0,0,58756.0620968029,57165.7980551743,65734.8832868502,54081.1190146454,0,72573.3662391647,50758.9257331333,52409.6364661481,94272.9930898648,89443.6366328998,0,89601.0301127098,87868.6554389549,93867.8490507914,0,0,83663.2313090522,93712.9047791992,93679.0569153768,17175.7371854434,0,10988.1380182496,0,0,0,29621.6906730515,0,0,0,0,0,0,0,0,0,38592.4103051932,91693.3842721071,0,0,0,0,90513.3814791991,0,0,0,69983.0346897995,0,0,0,0,0,0,21479.4759294571,20353.5143211617,14298.4481312884,19190.2051744027,12017.6463260275,0,0,0,24863.1752149171,20004.7203918732,15484.281149046,5250.63403848097,0,22958.1049838018,5668.78810342198
"16",0,23555.9472374308,32606.8743556939,30487.644143724,21583.1824772653,21548.6015695668,20936.5954942426,0,16843.0086546087,23631.4906564686,0,32096.6469964501,0,14841.8830662906,0,0,22305.717782684,15152.1811724272,0,17498.5565274535,16619.8791266089,29850.9883448323,21228.4884782742,0,14046.270009994,12260.1242387587,99365.4197957787,98765.2017704384,91810.3477878125,100012.70927671,99941.6921762514,95889.8142709436,84945.4698808832,14998.2314993778,96943.0290744425,79115.1043411428,9407.13097342575,91543.49672522,77613.5479147166,72117.5687973924,92563.1148970094,92050.6423858604,20600.7022355875,92311.8915936951,100119.636600614,101405.556654116,91088.0646524039,0,88702.5524592988,102625.225656591,103096.866688614,103798.86883922,105077.693677632,103270.008475408,102897.146700619,103494.64342251,0,0,105664.887740532,98255.5224052365,104492.920377383,106793.015332273,107977.697951858,0,0,96802.5622988592,94383.5238189233,88937.3641366712,87673.7977968723,91193.1243588999,89602.7025656481,97952.9645223982,0,0,104999.799813199,0,84845.2588121213,0,63991.9903444918,61990.560399084,62780.2294721454,60639.5366976553,68685.0993039558,0,72849.3523279573,57374.8172776956,0,70016.6245299996,0,0,32223.9161212061,65403.3541679451,62623.9567152441,21749.6627652863,62028.9687722215,0,79204.8776428716,31442.2850919086,41345.3778319378,26412.8109773246,0,22278.5416395519,0,96134.2659493722,9306.02235606058,70084.8041594946,70090.6626098256,0,0,0,69894.9124623977,72968.7188914616,69553.9876708434,0,50499.7889295635,0,77640.1088122065,70822.8784171955,72415.2228292352,0,68349.0994783891,22220.8356515061,0,22478.4639423791,14859.1762373164,0,0,0,22392.2185544824,16627.6982838171,25458.241107098,21688.051085972,29566.9157078799,37640.213712011,0,0
"162",0,2283.22228307028,16013.786738903,16537.5530436217,2555.43655764173,2614.11290318393,2218.59555719951,0,8395.94333682504,13597.5838313851,0,12333.8187893359,0,11455.7658573092,0,22305.717782684,0,17288.9840969765,0,18837.4452791103,0,8189.52554106967,6354.86709480321,0,10779.6472523919,11642.0233033432,77497.8066894587,76746.97320882,69536.6978918501,78051.4696343691,77704.0853735164,73762.211080674,62642.9703061686,13629.4509862761,74825.8894504628,56814.6599776421,0,69482.7458140207,55342.0598011158,49817.7487427646,70453.1426203646,69908.3376188751,8847.1126747274,70408.2833064884,78037.7779444606,79291.3852734427,69080.1797380701,0,66785.6388064404,80544.2800528107,81203.5886897185,81857.3971080572,83162.5701769489,81270.0728304996,80741.399270528,81385.0944627114,0,0,83620.5601078739,76323.6279323489,82435.4032832378,84781.035304316,86010.7825685876,0,0,74622.2832031738,72343.6468030932,67056.554103829,65614.5522728559,68994.5342768753,67390.7924666679,76102.7370935439,0,0,82847.9728359004,0,62624.9588261044,0,79849.3041019622,76453.8805334162,79774.3033415155,77969.8856070279,84344.1332450329,0,90493.5608738759,73896.2540671971,0,84442.3675666212,0,0,15029.7912064071,43386.6569952473,40318.9897883389,2523.98684777185,39943.2103147116,0,84986.1714679459,39027.0529656421,48440.0151580369,7413.4102659461,0,32443.6933762282,0,73893.8151058503,28220.8728649876,82859.1888149109,83504.9610980985,0,0,0,81879.5892140924,78788.3137739762,83211.0696838513,0,61351.348018517,0,83790.8650828603,77854.2521637274,0,0,78595.5453708626,13927.3254680876,0,6680.62347516102,8910.34649984837,0,0,0,19844.268532957,15521.2046651598,17684.0881867156,11034.3443446028,7418.42400725758,20809.5422820049,0,0
"169",0,19488.7310464367,19824.558992385,16850.8680153677,18441.8480411498,18452.7742302129,17519.3132778166,0,8903.86075552763,10053.3452766451,20267.2191657674,21422.2869652328,0,18943.2883880979,24457.5802399266,15152.1811724272,17288.9840969765,0,0,2633.30039778935,7793.31998916577,21581.3497280412,12157.4450232616,0,7174.84670393746,16127.1314884018,88424.6330882621,88206.4529044221,82447.836024106,89289.3038620998,90235.5287509646,85709.7822072833,76444.4997724609,20821.637394992,86714.8113160105,70256.7444502255,5935.75573729688,81182.7536513298,68410.2000706992,63355.7638095394,82353.3737770464,81965.2648187298,9967.41444339088,81522.8087022396,89741.8033863028,91126.4381788749,80577.4603392052,79472.5592481507,77985.4456389557,92222.8345926938,92181.8740224509,92993.2994353801,94197.7709584221,92621.0285537018,92763.1700598294,93181.6637011772,0,0,95123.6107840758,87474.7537158978,94001.0174521072,96149.3104396864,97203.7744931214,0,87776.7466072782,86826.9627310599,83929.7491567392,78133.5365883375,77352.6082941884,81359.4106358229,79853.3585705333,86986.8794879052,75948.8003705298,0,94832.9798909889,0,75197.2235438385,0,79143.3870862325,77068.172855235,77901.0011512697,75737.0195625989,83835.3245390435,0,87882.714764421,72523.1360573171,84458.2366587614,85107.9977297379,14074.8640019397,0,19826.639607742,55335.5520697026,54394.7217582584,18563.6657795763,52253.8754680831,0,92408.437515552,44397.0667874333,54458.4138217261,16743.6207435264,0,35674.3194272681,0,86480.5228447204,24393.9221508002,84984.3352999563,85078.1706258606,0,0,0,84663.8856274176,86132.8776076245,84569.0831977224,0,64889.9348837224,0,90953.4147691254,84360.6089773369,85659.7716698854,0,82749.7493125547,26264.2435430298,26324.112179305,21862.3545199697,16377.3067687439,18517.2905816012,0,0,29804.571077134,23403.9025180944,10652.1301908764,9445.71987265437,24044.8224701739,37743.6302387824,42299.9836965036,30119.726640466
"17",0,0,0,0,0,0,0,11848.1991664903,0,0,0,0,0,0,0,0,0,0,0,0,0,0,0,0,0,0,0,0,0,0,0,0,0,0,0,0,0,0,0,0,0,0,0,0,0,0,0,73170.8488575487,0,0,0,0,0,0,0,0,0,33776.7784987804,0,0,0,0,0,81557.2658099917,78455.6110774673,0,0,0,0,0,0,0,0,68682.0265508629,0,65294.111624719,0,75860.2436413819,0,0,0,0,0,0,0,0,74109.3490540853,0,0,0,0,0,0,0,0,50767.3909613673,0,0,0,0,34678.567261598,0,0,0,0,0,0,0,0,98209.8503078298,0,0,0,0,0,0,0,0,0,0,0,0,10148.4846369158,0,0,0,19047.8180515831,0,0,0,0,0,0,0,13425.2284248588,0
"171",0,21091.1849820016,19175.1901036365,15901.6859085271,20231.5935286397,20248.6028262557,19312.1783691251,0,10620.4287302867,9517.26776149577,22539.395334971,21465.3991852573,0,21423.4232571615,25117.6966833897,17498.5565274535,18837.4452791103,2633.30039778935,0,0,9475.3763976003,22267.7834809802,13198.8923010313,0,9387.35339278523,18663.0297853121,87835.9302774839,87716.3350569245,82262.1540061235,88754.9947286001,89949.9159440136,85319.8413772077,76472.7639011337,23354.4484250749,86310.646898244,70226.4770794313,8118.52962813441,80759.0396623436,68307.4168308927,63376.6339477952,81964.2956552722,81607.849297554,10773.9600560892,80989.048594173,89293.8504918135,90700.0978418633,80117.5028914361,0,77479.4225841696,91763.6673661482,91592.4605574555,92430.6045040604,93613.6840986554,92099.0447038237,92369.1560474363,92742.8006195416,0,0,94624.1002358867,86929.5190894797,93516.0090379679,95622.090592245,96641.5724552161,0,0,86484.3945834112,83475.8305608446,77604.6093934812,76949.1890304745,81064.8407992775,79583.2216503637,86394.5667335744,75510.1781423991,0,94426.8525837077,0,74965.2523076802,0,81464.0477098488,79479.6359740306,80134.7103540611,77945.6712323757,86162.0461461253,0,90034.0592519513,74807.93739479,0,87510.6628530055,16298.0470484834,0,19331.4139737756,55084.0665256962,54584.8049736681,20341.4701549772,52094.3931237948,0,95039.8676287389,47025.8636126766,57087.3483187451,17284.0547273678,0,38285.6044735832,0,86216.0103801842,26787.0611301148,87468.4525001174,87533.4521837942,0,0,0,87179.4097360685,88764.4721630987,87013.1294226894,0,67456.8147823595,0,93583.1534606354,86984.5842210206,88290.2790720137,0,85319.9650698758,28606.1039120361,0,23854.5206279356,18763.5857778718,20309.3101503091,0,0,32322.0792477493,25946.4850699039,9113.28808389803,9681.417967834,25228.4942688405,39526.2962573442,0,30780.894820555
"172",0,11702.3447006183,16049.9854079135,14330.9778367766,10756.9577646751,10773.5625696125,9837.05240310433,0,1145.47275499131,8058.02274131168,0,15708.0821288128,0,13495.6123524206,0,16619.8791266089,0,7793.31998916577,0,9475.3763976003,0,14564.1305713845,5040.92656687273,0,2574.23890998342,11394.4869092791,83236.4851207175,82794.4234372654,76417.3383065649,83973.3505526788,84382.3133191345,80086.7756549269,70034.805706081,15738.848699339,81119.1905872845,63972.2359823935,0,75647.7596430966,62268.524449513,57005.7739430585,76739.4214779398,76285.2030343717,3985.28985250613,76232.2913052557,84232.0359798176,85565.7172004942,75124.343232703,0,72645.712502988,86730.5370600546,86983.5685633702,87730.9652782837,88981.2110897113,87267.2357677296,87128.6507000029,87642.4447701967,0,0,89712.5543926331,82189.4934660988,88560.7763275958,90797.5866637625,91928.6312595489,0,0,81100.442703549,78451.388852203,72845.3736658487,71787.8033450221,75550.3163609217,73999.2513156287,81811.9508837047,0,0,89218.9429743954,0,69282.247756605,0,78990.357984048,76303.5281589459,78274.7091225535,76262.9899516869,83618.759227421,0,88647.7376662518,72632.6778585834,0,84366.1930406511,0,0,15616.3408659699,49564.4876750008,47792.3313416362,10868.1649015472,46315.8672035732,0,88718.7009526516,41167.5794282023,51108.5819485134,10238.103466062,0,33153.1674848403,0,80594.7588672883,24730.1827265814,83586.6140505026,83927.9905773095,0,0,0,82970.6614270332,82450.7414088518,83512.8141109513,0,62727.3779019062,0,87370.1495274653,81032.1560701974,0,0,80440.0921861463,19803.3216064997,0,14442.0658626069,10441.0315806689,0,0,0,24314.7383818782,18310.4627817333,11374.872537898,5471.705709217,16382.3393569546,30059.3731612492,0,0
"182",0,8342.84881256125,10766.6442967781,0,10190.4325858806,10251.2929949321,10269.0915933864,0,13808.2967684432,13956.2386176878,16412.2459278589,5370.98347774408,0,19568.7457756632,2877.45763352335,29850.9883448323,8189.52554106967,21581.3497280412,0,22267.7834809802,14564.1305713845,0,9572.51784377647,0,16741.0535473689,19812.9855663123,69571.0786902774,68921.1814868865,62089.6062395053,70183.1979409006,70154.0109548099,66042.2871952142,55530.6400165264,21657.6003954139,67093.8798616387,49527.6250278949,24989.8223894019,61693.2098480153,47904.9136282514,42542.7478563339,62713.5017984991,62206.802656354,11616.7923826387,62500.3856796657,70268.7031194105,71555.7854808628,61244.9325684611,60269.4281096396,58884.8726481944,72774.3483899481,73292.6433614219,73976.5747130013,75265.2690241308,73430.5318673241,73055.207888521,73644.3755623044,0,19584.9588114268,75817.2664402308,68435.2696050434,74643.6371257466,76951.2789406168,78147.9540926654,70817.7339752126,67880.3937403384,66971.45678556,64535.5133538856,59133.7910221135,57823.3996188068,61374.543959474,59794.8966981761,68166.0070858155,56582.8769103214,0,75156.4379730978,0,55047.9237771036,92665.051341145,87874.5326818216,84349.4458441763,87888.0482872427,86106.4482904622,92340.4903872613,0,98634.9852638886,81987.8174672469,92267.1378633317,92305.9436758072,14832.9679352583,0,9595.84956807178,35553.9199289603,33251.1575317437,10070.3745215224,32181.3779988453,0,91334.2247800926,46474.3602410944,55577.3349522625,5043.19984644369,0,40359.7368811122,0,66352.0802466796,36309.746408395,90514.7816916226,91245.2565406313,0,0,0,89424.8332972259,85207.7644090167,90984.2331270496,0,68880.560558159,0,90232.6856304288,84542.2379115927,84969.4282090287,0,85882.5140146005,20566.7484069455,19543.0138510598,13135.6169874985,17099.8120619909,10212.9488648444,0,0,26828.6999558179,23335.5109221609,17485.6304008818,12663.2677381657,5425.64611006507,21700.9331223696,24708.8531863355,8539.9603928826
"185",0,8595.92633300122,12222.2226956889,11509.2252976065,8524.74738459454,8567.14575854017,7753.54859607385,0,4455.54714841749,7310.75636364816,13476.8208692851,10869.9502401315,0,14799.7153137618,12438.7280200656,21228.4884782742,6354.86709480321,12157.4450232616,0,13198.8923010313,5040.92656687273,9572.51784377647,0,0,7407.6143063327,13619.3388733692,78311.3589826258,77828.9751480736,71382.9203821176,79023.8953279159,79359.6514100323,75090.7999663494,64996.749469693,17153.242327011,76126.5804414471,58931.3103937644,15464.040227207,70665.9018855444,57230.4427972172,51965.2155725219,71745.8008734182,71283.0694662853,2564.81425034233,71291.4760832052,79250.6764410075,80576.5441941468,70155.5872871943,69126.8510525534,67697.9537266206,81750.9531067536,82054.5503539178,82789.538859685,84047.7706650836,82309.7642115616,82129.1549980907,82655.6868802827,0,10041.1702728492,84744.6470902413,77246.4445097326,83588.6052544104,85839.1228393957,86983.1322135518,79912.0565008338,77016.5433716276,76091.3612630492,73477.0619728663,67907.089246855,66803.1912298374,70533.6775039012,68978.5570967851,76890.2280969642,65495.6090451025,0,84221.547458285,0,64257.1708174199,86957.2461883815,82321.5534755756,79342.5119915749,81851.1343952238,79913.0300284092,86904.4463095796,0,92366.6223770586,76109.5764557676,87105.3352361576,87387.9563570692,8544.87677191575,0,11552.2065419301,44563.7757884932,42763.8533625856,8567.33486628646,41297.2341375403,0,89922.5153562499,43047.1347174382,52781.0880778882,5245.93278496768,0,35629.7397032803,0,75569.9209088956,28768.2667018094,86261.1452369642,86736.4576874553,0,0,0,85481.0973366469,83684.1516859695,86372.9815881469,0,65063.4825574204,0,88655.3485042204,82521.4170687898,83339.0076700547,0,82595.2149689549,19407.9124219285,18898.1659871872,12725.6621317634,11678.9052355687,8602.67326849253,0,0,24807.5137140908,19508.4711834893,11384.6993988492,4679.71141789327,12031.9973165715,27026.5138835761,31134.9681639928,18058.5000464847
"186",0,0,0,0,0,0,0,0,0,0,0,0,0,0,0,0,0,0,0,0,0,0,0,0,0,0,0,0,0,0,0,0,0,0,0,0,0,0,0,0,0,0,0,0,0,0,0,0,0,0,0,0,0,0,0,0,99500.0670510742,0,0,0,0,0,0,0,0,0,0,0,0,0,0,0,0,0,0,0,0,0,0,0,0,0,0,0,0,0,0,0,0,0,0,0,0,0,0,0,0,0,0,0,17105.0800155188,0,0,0,0,0,0,0,99583.6209392081,97743.6737150383,0,0,0,0,0,0,0,0,0,0,0,0,0,0,0,0,0,0,0,0,0,0,0,0,0,0
"19",0,12820.9452591389,18612.257245746,16789.1279434314,11518.731546023,11521.6908405744,10606.8680989785,0,2962.01474955021,10281.11814071,13152.5184776596,18207.9303200205,0,0,19542.96968569,14046.270009994,10779.6472523919,7174.84670393746,0,9387.35339278523,2574.23890998342,16741.0535473689,7407.6143063327,0,0,9796.80465941866,85708.5138038669,85236.0307131201,78747.4751024206,86428.2891179607,86746.6120360303,82495.7969204302,72270.440921995,14376.5808755264,83532.4334196623,66247.7960938314,8371.72037165329,78073.3365174348,64581.9534424242,59269.6470307679,79151.4682293432,78685.9749241058,6558.70862991101,78693.5569446956,86658.1138938433,0,77562.9016357016,76532.6936643291,75101.7882804223,89158.4818045799,89453.1429673239,90191.9726218731,91447.8546373825,89715.7674786759,89532.9013405757,90062.5581551983,0,4643.07164804384,92151.9555440577,84649.237463999,90996.1556672531,93245.3137668923,94386.6815343263,87314.0713769578,84413.9998721468,83490.6101256403,80884.658636406,75308.3686934571,74210.4186729251,77927.4535422073,76368.3187160607,84286.0966667361,72903.0600369601,0,91625.9893021292,69820.4380300059,71641.618114836,81120.4177196732,76603.0999228568,73999.3514523152,75826.6349039393,73798.6956281207,81241.9579299345,0,86165.8935172571,70210.4120257808,81620.7721768264,82063.3558005547,6919.89437122109,0,18189.2300860546,51968.0211273358,49989.8291193193,11654.2764695422,48691.0645686926,0,0,0,0,12652.2620097877,0,0,0,82954.0980668141,22216.1655744646,81391.6916776294,0,0,0,0,80830.3160221564,0,0,0,60664.7071043711,0,0,79270.1015248549,80369.1255447578,0,0,19229.0738626327,19218.409095027,14726.239437528,9445.34336440461,11590.1440909339,0,0,23213.8690756761,16982.9400358397,13209.2043899168,7889.35256859477,18018.9802316183,30721.9269041046,35392.8860544483,25023.2708512881
