"","195","196","197","198","199","200","201","202","204","205","206","207","209","211","212","213","214","215","216","219","220","221","222","223","224","225","226","227","231","232","233","234","235","236","237","238","240","242","243","245","246","247","248","249","250","251","254","257","258","259","260","261","262","264","265","266","267","268","269","271","272","273","274","277","278","279","280","281","282","283","287","288","289","290","291","292","294","295","299","300","301","302","303","304","306","307","308","309","310","311","312","313","314","315","316","317","318","319","320","321","323","324","325","327","328","329","330","331","332","334","335","336","337","338","339","340","343","344","345","347","348","349","350","351","352","353","354","355","357","360","362","363","364","366","367","368","371","372","373","376","377","378","379","380","381","382","385","386","389","391","392","393","394","395","396","397","398","400","403","404","406","408","417","419","421","422"
"195",0,19720.1370002345,15440.6542692584,19386.8056609491,15275.9693366767,3371.7887351082,16810.2761773927,13577.6916219153,14240.4078939365,16098.1393680213,2074.19806419376,15423.9942099614,16071.4501543265,13380.5092747488,7163.38774200781,14659.6029489093,16018.6280259169,15150.9492759189,19499.6797951481,23103.0066455995,6437.35583016681,21037.9429996492,22657.2656690788,20726.7273572352,22263.6305721013,24544.2182585859,24411.5154270548,20106.8241764614,16739.7132567692,23014.3588327188,24402.4869929262,18993.5218358875,18909.363647483,25912.9763561689,26174.5722377356,26047.3806141383,8964.15301775164,27723.5652633076,25336.6372746384,28109.2655127261,8874.80473550293,30800.6127474885,30576.6027914268,9884.88700076843,7108.67330095089,8858.04943729788,5448.51657593639,9492.30868867078,5193.30948775632,10733.0996853113,5945.70459012091,3757.35030891184,2710.65710945457,5778.33638747507,4833.48282815697,8793.89642252662,8116.69625070162,7136.38000904545,6708.29206912326,1748.53250530413,6712.00876570284,8073.60691986271,8837.55706682206,8844.7448530407,7777.42190051789,8361.6849878123,8669.42362750087,8429.13869385505,10890.9649601366,12212.5437876937,11043.1025834739,13571.6458961548,14040.473443475,11469.4336406309,12469.0135218613,11437.5466170768,13282.0338575358,1444.9542699774,17318.5216371901,17169.2628786813,18047.0762563972,18975.4183202114,21265.9051229706,158362.10030612,151559.481511719,146527.81573187,147017.447061305,156705.685021411,155758.367263367,151716.048037248,148717.897251781,164779.631867547,156827.862374906,153792.874512423,155651.41489335,156342.042971295,159215.863550292,155974.468670845,156506.40080681,154392.758458883,151924.208581236,157881.561734419,157434.2510801,156906.856800604,157950.812553753,160507.861235809,161106.814900739,164254.67584126,166216.124693874,165596.930765087,164685.760595909,162723.364108005,148324.51231028,148840.22182245,156716.35936193,156885.921544048,157984.711818782,166751.0834433,167941.256329168,169589.797976488,169766.74068533,160989.823146875,161000.419781776,153440.938805934,151558.725700729,147511.703359994,155068.119898435,154965.442966166,36815.7472611033,35481.3568591302,34146.9361484118,32970.2838150401,32457.7731641342,32040.1219075074,32789.6610994721,35974.7902755964,31805.7168509735,36080.8356562609,35934.9568913856,38297.8660912215,39427.9703629602,38804.6463960547,39933.5388951204,38274.4259291693,38233.7204730745,40726.8808186851,40902.631338691,39496.0835441885,39010.7415664004,144382.112307712,207150.541978912,110053.360256096,146713.991633866,116709.557938412,107571.99025809,107568.930128794,204496.610577155,106756.3033977,14294.7032382565,15633.1704147938,152706.123356908,119966.055306541,172492.291034372,140377.767797838,138853.454889653,145599.448304529
"196",19720.1370002345,0,6819.41416308782,9944.79344020769,9434.78287321913,18427.0360571636,11358.599944126,12367.9141296643,10568.4824400981,13532.2123893484,19889.0223719603,14484.3594672269,3967.82767221977,7089.2054501833,15305.9985190306,5102.49768849533,4002.28786728648,5534.01550122052,15009.6494731191,12106.4727412553,16366.8717224658,8573.65559760323,7446.86768633859,5547.27174950902,5987.89705842015,7278.74305255147,9158.0889413804,3933.98398828648,5988.42900927126,3308.50659431847,4912.48031101047,2030.47835127704,1467.22138710951,12132.8990158773,12862.3878314782,13714.7961616279,11109.7570066513,8210.6666363669,5632.429432825,9663.20299287608,11995.9573675167,12523.3436392255,12913.2631682893,11466.0650959133,12749.469310477,13000.5097687877,19458.9433581181,10271.9222002143,16299.1010394206,9320.99660019676,22099.8848744669,23229.5322510911,21765.6370794471,25080.8118236387,22963.1464867646,28047.1853210485,22315.5939350146,22926.137274525,25078.9524544039,18301.5298991529,24014.4410295724,25185.5394516839,26569.627652677,27752.3083849453,20087.0436665518,18667.9118169967,17202.8604517211,16267.7071573949,14797.2313884822,16656.4729473024,9840.37771640084,7492.92112048381,6577.49674142928,8387.54831755128,7300.75532414734,8822.13605518497,9329.55399118386,18457.1837614855,2594.57205103595,5038.3943787715,9326.23862482449,11244.5724933086,13416.858612039,138642.057490011,131840.991233392,126808.484017016,127297.311800955,137005.393236204,136064.399366236,132012.821122774,129009.077168666,145060.645557086,137109.375144478,134074.640838667,135933.228949414,136627.368627059,139503.912825461,136259.579628492,136806.221137918,134685.427864523,132250.516242286,138233.64850833,137717.030891046,137216.085393634,138247.596729024,140797.394302282,141402.861582998,144568.485584764,146498.409915526,145916.42954702,145014.516471224,143068.312826811,128615.466969648,129145.362927181,137010.179945559,137169.702056686,138264.86046977,147036.885158874,148225.01066535,149876.242223127,150052.312373695,141277.218282512,141291.003760075,133726.655601419,131849.387949295,127797.183212838,135348.413306368,135245.437740328,19178.9291758148,17348.0565294437,15276.4375511648,15261.032364017,13897.8867333821,12968.0468628353,13409.4479824322,16569.0797368764,12114.7683262006,16469.832991182,16315.5798167037,18585.7324270691,19710.9879392371,19178.0764586253,20288.2586586676,18833.056868806,18927.0403817952,21337.1792117954,21788.4933044239,20590.2846536095,20600.5637385756,125503.533872558,187466.087885786,90333.5797248249,127363.699741253,97050.9470823634,89215.6289927378,89547.7041956255,184824.635096858,87102.0917212049,10470.1970858569,34809.8965074087,133083.628187752,100418.563071833,153002.73848313,121187.788673924,119889.981952007,126113.100248448
"197",15440.6542692584,6819.41416308782,0,5342.2014325557,2746.79416675404,13288.9354098278,5115.1479748614,5548.50448586512,3755.55088240108,6969.59268883623,15008.1258736658,7786.9001418703,3482.66102102037,7419.12414275051,9508.30333458126,5207.00984956212,6139.45010670441,7371.09846816584,9192.38645851872,8955.92246924216,10611.3799410166,5959.17701230947,7226.02527583457,5322.61216449905,6876.11512868622,9171.09592487854,9034.08860978663,5042.49078693889,9473.63304161625,9340.76730534969,11497.3745560945,7727.81241771108,7162.06708220965,10951.1041964702,11386.5054615712,11627.3495084276,6573.94450994599,13146.9122342808,11394.2014059112,12843.4116135139,6639.94416926713,15431.5771714451,15142.0251761289,5749.58148631431,9622.70011548243,7161.73439426207,13732.1127763194,7466.55898847624,10974.2868236438,7677.89941437473,16388.2138221429,18466.743792918,16920.5456221672,20090.9523575662,17660.8693318902,22885.9876552403,16182.7186354002,17037.8451508167,19672.1366849468,13775.6398454458,18373.2235887693,19400.5807577798,20861.6072616521,22411.9088161157,13900.4799838028,12360.2612983317,10859.6330651017,10013.9043984915,8163.06774661891,9878.23648722182,9114.04648546408,1969.60902195877,2093.62751608596,4815.91987693732,4573.96805969162,4229.74706442626,2713.15843494492,14465.2639576514,4523.4218031759,2059.50959592631,4048.06193755396,5983.74955882635,8685.39619113391,143726.097062107,136851.558799763,131927.626486614,132370.997241361,141855.024599848,140880.828445053,136882.352004025,133917.970623263,150074.719024727,142240.925581582,139212.40150551,141070.759561777,141808.859471885,144432.472865363,141439.100729783,142086.133172842,139925.778215581,137638.660487541,143691.76010016,142703.592152262,142538.907361745,143510.515223379,146012.635326283,146659.900004794,149905.56157614,151638.027842674,151273.744429568,150403.144111216,148505.02449842,133848.031599815,134455.417496104,141896.145741965,142143.169546689,143308.47458045,152217.627671894,153383.421573631,155061.628369439,155229.392856298,146210.732577188,146198.075066802,138680.136886365,136760.625182043,132756.435372478,140450.971355785,140298.972160785,25977.3218734886,24104.5033000897,21878.9484534561,22071.4613446124,20612.9180733609,19528.1399088247,19759.7573001486,22825.5982804985,17992.2476511021,22450.7036808487,22282.6762322578,24176.0176179901,25044.2961353716,25073.0293348118,26119.9424819599,25011.5020232138,25228.6857552703,27529.5382943458,28181.6500042117,27103.9956017147,27275.5455117142,128950.694564371,192792.206316798,95411.5661203344,131407.679368104,101750.334901224,95679.2198249159,96105.3825589975,190194.320708228,92589.9167655387,3658.94705502076,31064.8566803837,137651.452480891,106101.348773437,157271.780062909,125007.038797415,123432.592420082,130385.004428629
"198",19386.8056609491,9944.79344020769,5342.2014325557,0,4142.57290574029,16675.3206279667,3131.19296670231,6325.48543541432,5173.88667007367,5291.79916342281,18511.3906052386,6534.21261198088,8171.78191973951,12700.492401275,12545.2589500685,10338.2802945336,10940.8383797471,12415.3180252822,5261.98599261715,3800.41593205563,13561.4458160975,2530.39112630405,5128.8991872307,5046.43155414498,6007.31964323264,7743.63993531324,6031.85255477335,6274.78177643404,14291.4944566537,11054.6704264063,13445.5575368535,11567.5422824627,10910.9767027773,6615.05674250102,6801.57835883727,6693.68077081113,11162.8953224403,13033.00907795,12382.7057015662,11313.9086553993,10636.8915089954,13254.2078518845,12488.3961997384,9580.73376229661,14515.658950657,10537.8060691525,16410.5366786892,12601.3091224249,14385.0368065786,12982.1580289027,18897.62947351,21889.6559971158,20346.1150590636,23236.5709418442,20597.2875291566,25755.347979552,18039.4635429221,19252.5770333979,22393.1539468638,17645.0531228835,20865.373219356,21643.9879986555,23148.966252891,25100.9120365901,15826.1865503446,14181.6055716387,12774.4871442668,12234.2569070954,9677.48384629051,10301.3887644338,14448.6771308841,7096.67611714737,7432.81819425247,10009.0637484323,9902.54654015489,9193.0056826623,6286.96034502476,18649.8333616238,8621.27059873914,5508.71927497535,1405.37300508187,1486.65900190521,3557.55625030177,141831.524466233,134886.569518691,130086.54490899,130479.706725157,139717.050695731,138710.622199123,134770.765830422,131850.589897571,148097.827271778,140400.138801903,137382.19055273,139237.994582885,140024.154801757,142372.202988666,139652.634836957,140413.373814963,138210.067987478,136099.447599806,142230.689999771,140705.932852489,140915.774729062,141816.40232919,144261.081611116,144955.38376516,148290.923041311,149795.584587665,149681.707854115,148849.610538957,147012.108159243,132131.309875867,132827.508685493,139795.061116678,140132.411106514,141370.752020581,150420.387009947,151560.016995923,153266.68202115,153424.960233781,144153.555005418,144113.607527263,136652.730639649,134691.888131902,130742.874980268,138580.521244838,138375.542936941,27863.0197236171,25794.2945807793,23150.5271714742,24152.015201915,22249.3424396048,20801.0828979826,20620.8107115238,23383.2065014421,18289.55818633,22611.5064672375,22432.6406324049,23753.3615302345,24285.0451490679,25001.4889022059,25923.3461437978,25357.1876158612,25771.1640718795,27814.4803143753,28803.6910448281,28004.1527456039,28590.5192424602,125641.854793852,191128.852843343,93596.7675039575,128551.349691803,99531.1851831977,95938.3332536156,96602.2939424077,188584.513707376,91259.0759800213,5110.35417438826,34908.6300886047,135244.829354697,104990.619275894,154575.434223774,121980.477661857,120200.130795154,127721.920033958
"199",15275.9693366767,9434.78287321913,2746.79416675404,4142.57290574029,0,12666.5750329166,2564.78327038626,3146.46589718863,1379.45761379261,4223.65385509183,14484.6849974005,5064.7633778862,6224.9006699542,9720.24757094583,8587.03932099559,7756.87094726818,8825.99619858392,9933.66690010623,6682.07781461652,7928.56584392768,9646.80425930549,5879.42850784474,7951.1547170908,6640.61511991198,8120.353642868,10327.5343842834,9442.8032168037,6965.34288164589,12116.0236223991,11664.6374462614,13928.8902824586,10460.8900959207,9882.61014211122,10643.3616698643,10900.628312487,10836.2148777558,7078.42330469187,14957.7162799681,13546.5011390562,14077.6455106882,6494.46258626055,16417.8349223343,15888.8219483197,5439.40097709499,10487.9931633054,6459.69333969604,12630.5169806039,8762.81350932629,10350.5637414371,9401.02931371061,15210.6675150853,17900.2714977245,16349.0431753906,19337.7703603158,16756.7729405788,21965.9011980571,14645.2689890442,15698.2719458781,18644.9812559381,13540.1962210483,17201.3721530976,18095.5775887015,19590.2503673221,21379.5121497518,12369.9712286061,10750.3965661099,9267.8862388638,8572.99772605774,6277.25809763018,7600.37648572606,10966.2011518784,3612.86149203239,4332.83159560849,6323.7224782835,6523.97838931301,5338.27404674606,2191.96545443138,14512.5316013038,7251.20939189955,4424.28109095179,2773.57541207306,4102.7931832195,6798.5385571732,145039.270221213,138129.785743172,133264.250144626,133683.852665441,143049.025803225,142058.536661675,138088.716653682,135145.711974558,151349.191525365,143579.435524255,140555.422597522,142412.875719442,143173.694270531,145665.391801168,142803.051801777,143502.90175229,141322.411721111,139115.23200502,145204.093124259,143966.902074889,143978.418701081,144917.692134702,147393.597368059,148062.762551914,151350.053835098,152977.137441907,152728.67762008,151875.308610259,150003.991084391,135243.151576466,135891.385221926,143108.513761567,143400.010357986,144600.890927624,153578.12532935,154731.765784863,156423.587421999,156586.91824112,147445.433239362,147419.30960888,139928.298911512,137988.176175125,134010.364007908,141775.128662382,141597.790391635,28492.2047621409,26568.3860865827,24226.6473772933,24615.0974839468,23048.3591768009,21862.3152184914,21977.1600017997,24969.4676681294,20015.2163208562,24462.6303783244,24289.8535518414,25991.0898936849,26735.7126863201,27019.9372600628,28027.831108474,27099.1831873903,27380.2717143582,29608.7356775463,30370.1643861844,29371.1851984307,29657.331977798,129486.086568691,194219.272266924,96751.309485858,132215.829306644,102895.128502372,97830.1496779784,98329.8799540275,191645.596689273,94146.3365346928,1280.35004305367,30843.1570857352,138707.247420695,107755.378085119,158173.547923683,125714.883727726,124015.13485769,131301.666290604
"200",3371.7887351082,18427.0360571636,13288.9354098278,16675.3206279667,12666.5750329166,0,13914.997025996,10603.5606749135,11503.4511544702,12978.9862302777,1848.58735504672,12220.5974072721,14558.3792585861,12869.1254320958,4145.50074512199,13585.3924473051,15068.7234706492,14539.6283683304,16322.8476123587,20295.6369556597,3232.18132113107,18532.5786071341,20376.6086515205,18607.6046174432,20162.7358773972,22457.8711308428,22030.0956415948,18203.2271579551,16449.5537034564,21638.1583211426,23277.1589058151,18030.3698002448,17833.3805422987,23275.8064749638,23473.5113640733,23246.2430254752,7317.64611745384,26112.5456725875,23926.2410189668,26126.6029291587,6679.9449625985,28713.2129353678,28360.0323617917,7542.6801028985,6856.67010358508,6236.5114387695,2411.82450381099,8733.97263479976,2330.46570853894,10242.8457299975,4173.07456535634,5235.50078994514,3682.91998279315,6805.62878547549,4537.31700027477,9670.260713006,5689.19716645102,5311.37172609216,6663.37459931057,2017.87351640207,5800.4796743976,7119.21897686047,8337.60880159196,9325.97827205758,4704.84880629515,5039.47966626109,5302.04729525868,5123.36774665345,7684.74851671339,8862.9303866313,11026.8391120764,11579.4522303943,12224.372403853,10044.7213320255,11156.5971685123,9689.79026123221,10860.0338501963,3688.57729452125,15891.8614657744,15186.3210197857,15394.9415451735,16113.8040310428,18261.7485863285,156860.592057114,150014.093192127,145045.42110443,145508.226048047,155069.991673518,154104.48971176,150091.125453136,147114.625523832,163237.616832848,155354.618818224,152322.891214708,154181.598651419,154899.157724556,157624.294699201,154530.305798676,155125.181910644,152986.041529751,150612.142395195,156618.515961104,155875.614795685,155553.334377119,156559.107006492,159086.664249734,159712.048489236,162912.238345581,164749.193633811,164268.146785989,163377.592637009,161447.15237616,146911.576492912,147476.361014177,155100.766228467,155319.722829871,156459.273843816,165309.516524031,166486.089899238,168151.563251108,168323.377345876,159401.172367224,159396.845909405,151863.065738111,149956.939556164,145936.598220375,153577.190573855,153445.466210674,36464.8624563533,34971.0551523302,33372.5716298331,32549.9146704152,31779.2298473042,31168.2731759477,31772.3325157765,34951.6828474463,30521.0678719947,34896.6214777367,34741.8542993426,36943.2099299234,37968.3467299945,37602.2283095688,38707.1146215289,37232.3537448265,37276.0105173725,39723.6648676135,40055.5853234247,38739.3444479274,38440.8410356604,142113.366094261,205808.801659648,108539.311619382,144685.997948451,114994.756367359,107170.424229865,107302.370535127,203183.835493765,105488.647356112,11570.5566672638,18258.7212712503,150922.242602363,118842.868081946,170560.59986298,138257.001320647,136623.701907623,143673.939388086
"201",16810.2761773927,11358.599944126,5115.1479748614,3131.19296670231,2564.78327038626,13914.997025996,0,3340.81998735892,2768.36476697145,2355.86496566329,15763.0483116677,3545.20437454051,8561.86029018647,12282.4175896746,9770.95429804067,10267.4442522419,11254.4244458732,12444.1263638541,4122.72127030226,6406.50873902282,10728.1223461627,5575.35185496357,8088.87026993516,7461.58776615155,8713.56407966357,10673.9552404044,9150.4434810528,8271.88410436156,14584.5654231093,13146.534423161,15501.3130990683,12621.7752467437,12007.4782673601,9603.79600284511,9684.64222570822,9349.25742973354,9257.71357489694,15777.733619619,14779.4956903134,14332.9672290114,8386.44239403506,16363.778719906,15618.4373265921,7332.69620931972,12714.6824338198,7992.01177395266,13451.3541016662,11178.2635811517,11685.2449969875,11914.0470317459,15879.0226549693,19074.3876891606,17547.20744042,20327.8538670959,17654.9903034228,22767.0953797763,14938.0344052642,16185.3238242796,19391.4797001315,15061.9508289001,17830.8043566853,18569.3343353122,20074.3100824039,22080.2830348643,12744.4280349324,11101.3396176103,9724.51584312926,9250.11455681408,6633.13085788699,7172.08671156669,13494.3395567439,6177.23914871854,6880.18112744613,8832.26909311725,9083.82156393392,7792.7787090358,4547.21278666647,16208.5064086785,9435.00850388806,6358.44626609081,2446.97645815056,2207.50875296848,4556.0152107839,144961.549604143,138017.450735804,133215.297270576,133609.542403969,142847.523114837,141840.596685475,137901.585135048,134981.724763608,151228.859822532,143529.049057784,140510.795361262,142366.692714564,143151.536697593,145503.339314064,142780.063326497,143536.60257954,141335.014963307,139215.631869652,145342.138881121,143837.053213784,144036.702660713,144940.574393978,147387.473084827,148080.051694375,151411.64219406,152924.659696871,152801.307343278,151967.076061479,150125.842531383,135256.138445078,135948.412816887,142925.948714689,143263.575857871,144501.394588721,153548.314031512,154688.658401806,156394.586549302,156553.130931646,147284.698861673,147244.60695266,139783.920826354,137823.009673438,133874.030010853,141710.059062844,141505.979704649,30076.3242641761,28077.1572406389,25575.2070963591,26264.8687705521,24532.5654841401,23209.1813178769,23167.1422879733,26040.6944424089,20986.0960296499,25374.7969737594,25197.7771664591,26659.5556440601,27258.6406150195,27834.1891221509,28788.7185249243,28084.6009797403,28444.9512854335,30568.2119027472,31466.4268910023,30578.320569886,31026.546465093,128655.049322129,194252.668241794,96723.753818969,131636.344481042,102660.871329165,98768.5880808807,99371.2116170367,191705.861890032,94356.6879372756,2756.23775158255,32172.0249710497,138366.914416736,108068.240820985,157675.900070749,125043.45279776,123228.950798896,130826.828978897
"202",13577.6916219153,12367.9141296643,5548.50448586512,6325.48543541432,3146.46589718863,10603.5606749135,3340.81998735892,0,1825.24006811782,2788.92826166637,12452.0567964922,2816.94380711035,8819.45096545212,11288.9015527278,6469.74214954714,9825.44008304697,11130.290167274,11922.4683916391,6219.9618621433,9747.27269794369,7399.72992721624,8563.5045858149,10877.7828942343,9749.22357805471,11193.930626364,13349.0452404592,12188.663319276,10109.4544548515,14216.3541319321,14764.9548587935,16993.1995390658,13173.4885332003,12644.1591631362,12905.8441634575,13014.3691571654,12688.5269464912,6816.34139960231,18093.5365639575,16683.8556738668,17087.8275568994,5603.37784314225,19316.7959043098,18682.2048698215,4639.70884365864,10204.0875558576,4902.77845725555,10117.8652784037,9151.05622898047,8410.74539218397,10232.4944235715,12575.2774717182,15741.1382451777,14218.5401772415,16987.8191787443,14318.9798955115,19447.1713755096,11757.6683933376,12932.8428132634,16077.6857910921,11834.1308652975,14540.2994912875,15327.2328913377,16831.6203188416,18779.0446156952,9520.18416248701,7877.166721396,6451.94718381355,5922.54227368843,3358.01107512398,4453.91795587702,11845.6768264318,5471.9249797308,6429.15282643974,7304.48026684664,7944.45089264959,6137.35372839832,3336.46492046806,13064.7418704097,10011.836939564,7461.80631092315,5257.73685522437,5548.05851392747,7688.78744315308,147971.722432952,141046.448529144,136208.69809372,136617.329854029,145923.498471633,144924.769381591,140970.05461087,138038.115520261,154262.711861508,146523.703982198,143502.030111392,145358.894876548,146129.862764708,148559.157780769,145758.860082766,146481.626345427,144292.698499616,142118.905594901,148221.301618698,146875.75549599,146966.646390189,147892.21150764,150356.53637398,151035.175629921,154339.797792435,155920.853981383,155722.623317516,154876.301443377,153015.717262723,138213.340804888,138878.814216524,145992.287271104,146305.779758956,147523.63169379,156531.476792547,157679.544060493,159377.373290522,159538.699961106,150339.896311885,150307.06407376,142830.208405266,140880.139817752,136915.780984056,144712.988579145,144523.857530272,31515.9483053359,29623.9599688595,27331.2692826634,27616.2460109532,26117.5058845668,24970.0407542616,25111.0224266659,28112.5837447395,23161.6311237077,27608.5005371752,27435.5941391887,29117.5693690257,29838.0946538007,30161.7710291771,31165.7096300674,30245.3181779238,30523.1914016889,32755.1139914941,33510.0240496418,32498.4886196381,32751.878529813,131957.05602597,197199.302685621,99702.5429729099,134870.384966275,105750.913411092,100975.52860628,101468.775877805,194635.913912449,97184.7152570262,1927.54071942982,28851.344211652,141508.486210767,110824.599068916,160882.105724537,128305.743059207,126520.958957136,134023.501745634
"204",14240.4078939365,10568.4824400981,3755.55088240108,5173.88667007367,1379.45761379261,11503.4511544702,2768.36476697145,1825.24006811782,0,3588.95023860288,13337.9359151194,4154.62387432419,7114.18944099683,10041.4376479281,7381.46778783648,8335.08380883581,9549.91491966643,10483.2032380767,6594.82957197632,8863.16814844913,8414.82061465676,7143.87305750656,9301.44010243486,8019.50405639666,9499.13631854806,11700.5931436218,10742.0747996164,8304.02769750707,12738.4701203947,12939.9029591859,15169.7020248268,11443.525365434,10896.3842635755,11773.9504305364,11975.1663676076,11807.0683630249,6492.57418655181,16326.6018386547,14868.2650876998,15449.9986339366,5644.51691886352,17767.9543837797,17210.7208769735,4584.54031608548,9950.91719680019,5382.3771591411,11342.8278575905,8494.8148140763,9211.23673266568,9349.05714505499,13898.2529302164,16723.5091830323,15177.6132445544,18106.6265290351,15497.1163247266,20690.3367386356,13281.449242701,14357.6037446701,17353.5182005714,12494.5666023076,15885.273794291,16756.1734504025,18253.8695096633,20081.9685593092,11010.400153405,9385.43786902708,7909.05377840395,7240.86315263441,4900.38635499714,6262.00661266576,10953.4744727967,3984.49873569131,4876.76960371538,6291.47832931413,6725.29177404488,5184.07917537218,1975.94895605787,13560.1044471899,8257.4617236746,5638.13583782659,3906.52842569245,4786.13044782022,7313.55350822607,146402.368708385,139489.822427857,134629.487124923,135047.085885986,144400.335165028,143408.029405902,139441.477291603,136500.800743751,152708.677407585,144944.688130696,141921.07870682,143778.435465739,144541.023681537,147020.831647632,144170.318357783,144873.869106796,142692.060772255,140489.665431395,146580.136102861,145325.420188934,145350.78576595,146288.018667198,148762.077285383,149432.770172435,152722.655222998,154342.329299288,154101.864916988,153249.429252615,151379.42454311,136612.762625548,137263.6138454,144461.829303414,144757.903818615,145962.144705379,154945.010988764,156097.685262155,157790.557480886,157953.543311081,148801.028527817,148773.497335985,141285.386855558,139343.191715333,135368.129684106,143139.212546499,142959.667011518,29700.4611800739,27802.4880454561,25506.1709549602,25805.4879875669,24294.0621081484,23145.1475306964,23292.3827305607,26301.8908886158,21365.2586729906,25816.2263823568,25644.0117466653,27363.9257773328,28113.9668864546,28382.0704627236,29394.0447176422,28442.4482152758,28712.0719098567,30954.1166915955,31695.2068936144,30676.8120169058,30926.6905212581,130726.544655235,195590.552863364,98117.5083670851,133511.030057606,104241.88397316,99168.4208918715,99652.3397781031,193018.357286459,95524.2798200579,103.003148750585,29735.5927400244,140041.490910122,109134.816877793,159484.010337874,126991.592567008,125266.234250585,132615.386034121
"205",16098.1393680213,13532.2123893484,6969.59268883623,5291.79916342281,4223.65385509183,12978.9862302777,2355.86496566329,2788.92826166637,3588.95023860288,0,14812.7532433351,1244.10500234399,10448.4022008911,13630.217679442,8934.90932628415,11876.2266231458,13020.6966987661,14039.1464710532,3461.42664033459,7971.56840873822,9747.22983980227,7809.80775890519,10374.0279637505,9817.449152721,11057.6824997263,12976.020719502,11303.1532017999,10597.4542803741,16269.6263822905,15460.1505207675,17800.9341408077,14663.6261090076,14073.1243192415,11385.120101783,11343.2258841275,10800.6888807868,9586.63600130143,18125.5439266294,17127.6572658114,16596.4271194608,8391.22193281232,18526.9144155186,17705.2971235392,7426.10737341327,12989.8739302312,7629.66968711812,12148.4192442499,11851.7003639534,10904.8386855214,12838.2417924445,14403.5989509179,17972.1280745542,16489.237329966,19049.002144223,16333.6277350517,21312.5096972042,13210.640261788,14571.5587441895,17927.1050918409,14371.9656928552,16297.0985890723,16915.5617822587,18412.3999082528,20555.269560033,11117.3159563818,9504.9170064253,8263.7889316185,7993.07928174907,5327.5231692701,5226.61876415677,14451.3024325865,7557.32773975689,8413.06588695588,9821.400987466,10309.3194366527,8681.4757472845,5554.33727894383,15686.2473211409,11454.0498334392,8495.23252386472,4797.59444001829,4018.95515183665,5408.72321627376,147017.911832657,140058.962220083,135285.592732889,135668.655344576,144846.563568546,143831.747973169,139908.138100033,136999.645656547,153265.327609965,145597.609841594,142582.172398941,144437.202896234,145232.3342713,147520.955397835,144860.541947695,145640.762616832,143430.663166891,141346.82894689,147487.228461788,145869.886873036,146150.804472289,147040.149337812,149474.690079364,150177.025033214,153526.445775037,154991.421232819,154920.420345327,154093.825028304,152264.398365249,137352.562905984,138062.775562619,144934.098730843,145293.423279773,146548.030283075,155624.8709125,156759.358147535,158471.252321097,158627.717079672,149302.748117514,149256.037421215,141810.462720035,139840.026481509,135905.011826347,143772.361515514,143556.395396357,32385.2869932453,30400.1330380105,27919.2637895016,28556.3644329148,26858.079297504,25552.4910847521,25521.3012267026,28396.2787102294,23339.6472033776,27723.6048049693,27546.3430343519,28979.7268090143,29551.9761625567,30173.0658683391,31120.707531233,30437.1398483992,30800.2537650614,32918.784002741,33822.0950506991,32932.8310783078,33370.0559608708,130285.88409495,196353.222750816,98808.940458237,133430.785016227,104650.426267546,101111.653478243,101722.609402323,193817.545496449,96534.0083555912,3646.35519969393,31112.4932140637,140296.183245873,110277.708735875,159515.327581068,126781.78185997,124891.900680207,132683.178579908
"206",2074.19806419376,19889.0223719603,15008.1258736658,18511.3906052386,14484.6849974005,1848.58735504672,15763.0483116677,12452.0567964922,13337.9359151194,14812.7532433351,0,14032.5978527341,16084.1874160924,13989.79000339,5992.62413712762,14943.6895435161,16386.4082355212,15714.9348259784,18139.3290639921,22141.1896589748,5072.11154971309,20340.4238096972,22141.3185486544,20330.7251346983,21883.625765145,24178.0947412041,23817.8573198625,19866.0704437103,17495.8213301104,23138.1261026564,24689.6976762817,19366.231119305,19212.330371397,25106.4193514814,25311.3863665932,25091.9620506082,8831.00501790738,27699.0677379246,25442.5705310601,27823.4771509014,8370.62926696594,30439.6711044853,30117.2191584001,9283.83832136881,7767.13430686401,8035.49291171999,3451.29351841806,9913.93178130873,4134.19720079687,11327.8052965232,3967.76566656886,3458.69275429162,1915.9151210979,5194.42633062942,3366.21564890587,8166.74916294571,6058.18797224633,5175.25761514589,5469.21290345231,1858.1273684378,5047.46077403282,6429.13027136396,7415.70501618036,7965.05782591951,5748.40386978085,6471.70791146415,6976.59878719401,6904.08171457679,9505.06407654239,10566.8767975841,11905.7174530871,13246.6357514489,13840.2927073569,11509.3797479391,12589.066459254,11266.3925409609,12637.6412109392,3059.47604967771,17392.8958505119,16864.5369371733,17222.7311916875,17961.1490230488,20107.3132696622,158442.181490941,151609.194806277,146620.418302476,147091.772201872,156692.929972925,155732.829379477,151710.628187588,148727.441529509,164832.182324716,156927.141234469,153894.24128172,155752.973787579,156461.881576315,159233.958633695,156093.427898948,156667.719257953,154536.890305049,152131.310404985,158121.218114003,157475.072691082,157086.678055426,158105.170682878,160642.50825886,161259.251303498,164442.177933622,166320.056970125,165793.552147356,164895.995718482,162954.583895688,148464.187485842,149012.784857742,156717.645470038,156921.499553249,158048.396755446,166872.223274581,168053.233216218,169713.293435487,169886.774894124,161010.009235532,161010.236798802,153468.304461999,151569.421864242,147540.73419204,155155.286580851,155032.750848712,37583.7003189883,36156.5897036979,34664.8891287845,33694.2861949224,33030.8681143569,32496.5754414528,33157.4953355238,36342.4094540448,32002.7994083272,36346.8816080606,36195.1871005699,38455.3666184455,39516.7294802857,39061.3462696197,40175.6645212904,38632.2776662358,38644.0029639064,41110.9484209657,41382.9724475957,40029.8731784864,39654.7929360164,143895.926747585,207339.861626781,110122.113043033,146415.548932149,116639.104600031,108335.856303027,108409.362832002,204705.085239668,106989.55779859,13403.559085286,16412.3419837476,152588.057237434,120294.056352701,172266.781673745,140008.108765665,138398.288489227,145377.728576284
"207",15423.9942099614,14484.3594672269,7786.9001418703,6534.21261198088,5064.7633778862,12220.5974072721,3545.20437454051,2816.94380711035,4154.62387432419,1244.10500234399,14032.5978527341,0,11228.421173881,14064.8103469092,8285.79370706837,12477.8205348221,13704.2746393945,14612.40888121,4109.16021961886,9146.4330786845,9007.13496279286,9048.88200908062,11605.4582221205,10986.9894736491,12258.5278128564,14203.0586973357,12547.2359853424,11699.4949954508,16881.8847563247,16538.2994909496,18859.3271506011,15514.5759147199,14943.3848889929,12586.9135287627,12520.8822442329,11932.9985151453,9537.67248178626,19320.8773664979,18259.6664849342,17833.9302436591,8204.32992896154,19770.9071079888,18945.3758790641,7321.41402149619,12850.8570986716,7272.2371737576,11222.1601504266,11940.5936725186,10248.7027054016,13047.9113384379,13386.8449917428,17104.1507473596,15648.3874916928,18099.0629827492,15374.998389971,20283.7834975026,12096.1154889553,13496.905928487,16902.4322536831,13721.8701746392,15249.0038189164,15818.5874714892,17309.1971762298,19500.1577121607,10053.2776827183,8466.74402912629,7305.49478742232,7143.76154024515,4539.49940706637,4079.7758716869,14660.5168716459,8113.98817942775,9027.06362763001,10115.8470571936,10720.5603844616,8950.84879850682,6014.88092579787,15108.6051873212,12307.8938586383,9451.66758493848,5991.39776817331,5257.44008496303,6462.11366925608,148250.225499178,141289.062158267,136519.945533205,136901.433478866,146069.434601608,145053.178659625,141132.397212083,138225.906061264,154494.548999946,146831.671496295,143816.635155011,145671.538366559,146468.035065983,148747.085479614,146096.203097993,146879.261437748,144668.202114511,142587.977494179,148729.436558951,147098.566588997,147390.352215113,148278.129566176,150711.187652015,151414.694822705,154766.044379625,156225.18978016,156160.441307664,155334.55871348,153506.118709621,138590.216125059,139302.374037198,146158.600579844,146521.619655713,147778.885018146,156859.973599897,157993.665294982,159706.358578401,159862.54479686,150528.940223451,150481.084277461,143038.13761766,141066.109997981,137133.459069953,145005.55266624,144787.842433992,33445.9072779451,31480.9519280393,29037.5381138278,29596.9139593906,27943.9990037044,26669.8672399103,26669.8688546221,29566.9363180428,24521.6811649151,28916.7860188148,28739.9638549808,30199.9599391031,30783.4035001074,31379.3909677094,32333.1738848568,31621.8566701947,31973.2286848753,34108.2883575333,34991.303776383,34082.110471092,34485.9069657866,131416.620463047,197591.189342974,100045.477547186,134607.689442431,105872.022244858,102313.046371302,102909.388873394,195056.73901926,97777.8753217906,4233.69221369579,30232.1050570453,141505.237491928,111521.640356285,160703.263168105,127943.757298205,126032.401165893,133875.682370452
"209",16071.4501543265,3967.82767221977,3482.66102102037,8171.78191973951,6224.9006699542,14558.3792585861,8561.86029018647,8819.45096545212,7114.18944099683,10448.4022008911,16084.1874160924,11228.421173881,0,4937.30802397519,11341.6552126939,2393.67872539735,2777.25590292199,4277.07700776021,12579.4774475603,11311.2309647568,12407.0139841871,7839.42769196368,7989.23411674806,5727.3090479162,6991.56775845645,9053.33874708035,9928.58798635077,4488.01521694917,6142.65631457861,7084.09022111373,8879.90019197017,4361.74629771933,3868.39228536297,12477.9011413211,13070.648647802,13603.2837945442,7256.31547162193,11653.7285714165,9368.18593142747,12289.3368146825,8045.74497293092,15100.5814749122,15153.3402944978,7498.24376694069,9337.98652949868,9032.68220188957,15508.4843126033,6858.78218219293,12385.3449935311,6316.35505891957,18156.4460229395,19473.5936411879,17981.0115512061,21277.1659111232,19084.7467579777,24213.6196341656,18347.8662033056,18967.3099224664,21187.6018300623,14570.8226308625,20083.4579514132,21238.8543729362,22634.033520897,23880.0943673882,16121.5312639138,14713.691907631,13256.8513571409,12312.8876118742,10952.8477242107,12922.5217249701,7333.52475922172,3592.49054442738,2637.6283360617,4605.2813973904,3633.33217106627,4888.99432760691,5584.84400112756,14881.1853295352,1373.25569275611,2706.71920771723,7108.18997512804,9129.67974031783,11704.8524136583,142363.822118554,135539.304600954,130539.474602783,131014.557191773,140652.892851629,139700.859906264,135666.147209613,132674.739463612,148761.581371052,140845.303400274,137812.08950135,139670.815845192,140378.044408819,143177.257192147,140009.638156765,140585.232628971,138452.980636444,136058.854208597,142060.897154494,141408.546911006,141007.108881257,142021.942708305,144558.325563067,145175.835757414,148364.074243481,150237.695402291,149717.641883832,148824.080231549,146890.40079268,132380.122472439,132932.043306953,140669.508907651,140857.029727955,141974.201759926,150788.360098525,151970.026753993,153629.32834696,153802.983837716,144952.354759926,144957.670602446,137407.226160909,135516.198930145,131478.792202488,139075.426310623,138957.485629355,23003.9768455644,21233.3865419454,19233.4158558358,19063.279819788,17819.5774945335,16932.7196352345,17369.7498203531,20521.6104859583,15970.6710320228,20369.7715528144,20211.8379826494,22385.5524978375,23432.5782508696,23063.9939104076,24160.8730810811,22776.6977530526,22886.9751689147,25285.4546619843,25755.6726410268,24555.3798450476,24531.4646695331,128619.424135503,191261.434240992,94045.3665390223,130720.447504008,100640.365614177,93178.6456345061,93497.094558788,188631.61362168,90930.6144282574,7025.40536499947,31424.8705596981,136634.926640724,104296.467190952,156449.111341791,124454.767259633,123044.069702388,129556.073933005
