"","1","101","102","104","105","108","11","114","119","120","121","125","127","130","131","132","133","134","136","141","143","145","147","148","149","15","150","153","154","155","156","157","16","160","162","163","169","17","171","172","179","18","180","182","185","186","188","19","192","194","2","210","214","22","221","229","231","24","243","244","25","251","257","264","265","266","269","27","274","275","277","278","285","289","296","297","298","299","304","305","31","312","321","322","323","324","325","326","327","329","333","334","337","339","341","342","344","35","356","358","359","362","364","365","369","370","371","374","377","380","381","383","385","391","393","395","398","40","400","401","405","406","407","408","409","41","410","411","413","414","416","417","418","419","420","421","422","423","43","44","45","46","48","49","50","56","57","58","64","65","66","67","69","7","75","76","78","86","89","9","90","93","94","97","99"
"1",0,0,0,0,0,0,0,0,0,0,0,0,0,0,0,0,0,0,0,0,0,0,0,0,0,0,0,0,0,0,0,0,0,0,0,0,0,0,0,0,0,0,0,0,0,0,0,0,0,0,0,0,0,0,0,0,0,0,0,0,0,0,0,0,0,0,0,0,0,0,0,0,0,0,0,0,0,0,0,0,0,0,0,0,0,0,0,0,0,0,0,0,0,0,0,0,0,0,0,0,0,0,0,0,0,0,0,0,0,0,0,0,0,0,0,0,128592.844166586,0,0,0,0,0,0,0,0,0,0,0,0,0,0,0,0,0,0,0,0,0,0,0,0,0,0,0,0,0,0,0,0,0,0,0,0,0,0,0,0,0,0,0,0,0,0,0,0
"101",0,0,2945.71423066952,1541.82454943073,0,8992.52452838505,12036.0438067819,15033.7777440822,13584.9581919512,18865.9027534895,16761.7207725206,0,0,26709.8502487159,18636.8810190861,40229.6637785138,21540.565329492,0,0,16251.5548127868,14655.9721329687,0,21331.0595960085,22892.6518280826,18660.4443925524,12897.4681753802,0,22617.0770433604,6607.49817689029,9223.31554405499,13341.954387985,13948.6623312394,35591.1902130534,13673.800887382,13515.5791100058,10379.1180589906,29819.0883593812,0,30808.7987886808,22288.3595237913,23374.2184668464,0,27049.2632583559,8964.20109748651,17674.7079455486,0,0,24044.0736391403,23996.91899088,0,19432.9028961895,65027.402446656,49664.8397906241,24134.3227666045,49056.3925992198,44161.0497974235,49167.9762327843,32408.0962448084,40815.3570890805,36928.1399993904,20035.0400815708,59056.675367016,0,71200.9615975609,69155.9927265843,0,71275.7029632331,0,72747.1087050181,72058.6843285663,73938.9125345111,66011.598365533,54858.3265020182,52607.3361342916,52416.319548937,0,70396.1478309254,0,0,88786.507970514,13794.0517379951,84707.406266919,89341.7381868786,87756.2832679262,86573.6522055654,92406.1392195336,93082.5486126882,91988.2798614315,91664.8866793615,0,100267.013996428,100265.148279796,83321.7155899366,0,92490.0743459978,93271.1841130885,101792.571459954,20007.5585523575,0,30818.3017401538,30380.5920650875,31624.65140495,33420.3395124261,33675.5394052406,31684.9452168622,31916.4139946721,34176.8894259172,0,27305.6164008922,27398.30299867,27424.0902117121,0,0,88123.0930138496,46011.6082683426,54216.3055714909,0,0,41436.6183805497,0,0,90024.4784774897,91010.4200034407,0,81683.6441989747,18461.1113702077,0,0,82157.913944935,90858.3076430506,68229.1019830577,0,87180.4256614397,81952.363936262,82018.5546479195,0,84476.7364471184,84393.4744987733,20259.3922237709,0,14404.7589551838,21146.5263097231,13991.5834237138,13878.8654203453,0,0,26355.809086333,24968.0621862908,27342.1826854231,24202.4048174295,21403.9148823479,0,25532.7257568758,6097.28092879254,22914.8469794782,14765.6084460385,0,0,0,12817.378563029,25567.692681417,19276.7925910092,0,0,3994.67280909009
"102",0,2945.71423066952,0,2314.20060257906,5966.1228791359,6242.69966980565,9476.36710269695,12103.0373560388,11380.6132421836,16193.9466888682,14287.1685286174,27542.9994790847,11268.6345834602,24943.0978145469,18914.4808710562,37577.4880947514,21430.8391877153,11379.2154299708,11411.7204609935,13891.3728828931,12078.9303171351,0,19327.34469651,21876.0750884299,15750.874656317,13200.2895308553,0,19731.8169854655,6856.9103377062,10029.9911090587,12728.899654009,12419.348013838,32955.5423484451,11021.7454100063,11188.4388474575,7482.6680208038,28028.3684977931,0,29214.279213631,20345.4145990495,21243.0575326681,0,24741.261178275,8415.80710925072,16016.0783919757,0,23735.2658228303,21912.2243487106,21208.2622387496,0,17753.1516657678,67916.1767123111,52606.2061763194,21209.7453200662,51903.0440750599,47095.6355394493,52113.5073873148,30225.9782124712,43735.7417648684,39799.7805375979,18491.6830321454,61977.0897336025,59130.6987591118,74141.0258906053,72090.5434482028,0,74209.1916190982,0,75673.8664599089,74991.0539090347,76874.6457904894,68922.3868325251,57777.7081160936,55530.3384984982,55357.4915772107,55174.0072720472,73308.0762721225,0,0,85901.3369254714,11136.7030673343,81863.5035731797,86425.5639889263,84831.206085312,83639.8555877682,89465.454994359,90210.8072570588,89052.3266659187,88736.7969617096,0,97344.8902090996,97331.2776754212,80409.9250113897,89863.9456858371,89665.2807385961,90402.8170416803,98879.8135692919,17419.3036391198,0,33757.5169156219,33316.2470410951,34569.7002311666,36363.718816299,36621.0079905445,34617.4538364067,34851.5907119798,37097.7414836646,0,30164.4808888276,30338.1761784029,30368.5905469128,31010.4523481183,0,85836.082276982,43212.2773094665,51544.5690251105,0,0,38514.9616910816,0,37646.1531227078,87270.6292973775,88227.8147456499,0,79366.8503711851,15549.8942296397,0,0,79829.6798546776,88063.8890484683,65479.7180151586,0,84856.8757120691,79526.8202610572,79668.5032230234,0,81843.9905128825,82093.821030212,17359.9849116601,16083.7758616613,11481.7470986978,18370.5292482888,11340.1806935878,10978.7995040931,0,0,23500.9935339253,22022.5741336402,27267.391078669,22285.1506203445,20094.6523653979,0,25284.0473352041,3988.65993555534,21707.3995292925,13576.5621066405,16296.4336644864,0,0,10056.3594850042,23221.3523608998,17755.6618949034,0,0,6547.21545771311
"104",0,1541.82454943073,2314.20060257906,0,0,0,11788.7138759774,14005.8542733438,12093.917768818,17522.2480516149,15333.6298211815,28770.6261682076,13582.1593639117,25168.1060576794,19875.373040482,39884.9802735799,22658.5718351525,13692.2488151675,13724.4179785234,16181.1600789585,14392.8676503256,0,21528.5290034014,23643.0801343915,0,14122.1855661277,0,21935.3308256164,0,10567.3139034074,14237.5176418789,14413.148506566,35265.4621461713,13334.4095945309,13467.5454388911,9701.38269745304,30162.291194293,0,31269.8323133065,22527.2941869731,23485.2550884704,0,27028.0060001844,9846.84133069004,18079.6344455175,0,0,0,23482.5791702396,0,19829.6385644932,0,50579.0595787333,23343.9900559142,49691.8132013259,45035.0715227043,50163.1224593648,0,41632.0846932896,37617.2305420035,20510.6932104669,59868.9667924509,0,72101.5086563522,70024.6085359608,0,72138.8002624835,0,73580.8213569546,72916.38665111,74813.0451680036,66791.9843431426,0,53430.0666442072,0,0,71179.4128060089,0,0,87605.7464362154,0,83469.7365423762,88223.2826145127,86662.7534369505,85511.2711986287,91378.5527422677,91880.5471123695,90934.8574731243,90580.6891692898,0,99163.5729856322,99201.8434202363,82193.2778243936,0,91230.2654302864,92064.3131795596,100664.672180881,0,0,31886.7604055402,31467.7821948025,32639.7125184039,34456.1978874496,34679.2832209177,32554.4195998623,32798.9742610135,34998.0888090141,0,27972.6322667376,28312.1255172992,28381.3419812822,29071.2981842623,0,86619.5357380834,44735.274792363,52845.8988864763,0,0,40343.2606877898,0,39868.1994109723,88702.00754443,89710.8512651852,0,80186.1549050753,17367.1612195578,0,0,80662.7303665578,89569.0902430197,66905.9495612457,0,85683.9857787252,80480.4510225535,80528.0523748057,0,83081.2619344331,82892.4738429549,19136.3506686563,0,13638.3041812124,20652.059005359,0,13178.5686486446,0,0,25153.2726311299,24045.3294102823,28482.1106123292,24460.2643444922,22007.5724968601,0,0,6148.80409764415,23572.9811800713,13248.3963882533,0,0,0,12351.7454844467,24089.2335700777,0,0,0,0
"105",0,0,5966.1228791359,0,0,4434.25347025404,12183.0180843998,0,0,0,0,0,0,0,0,0,27106.668566593,0,0,16742.2719684073,0,9438.0527700891,0,0,15611.9847913467,19106.981799288,0,0,12812.1832939467,0,0,0,0,0,0,0,31664.3821695011,13545.2505001286,0,0,0,0,0,14100.5572271678,20237.7574807623,0,25149.3023228077,24956.3630589382,0,0,0,69304.5563898719,0,0,0,0,0,32927.6830827342,0,0,0,0,61360.8192544647,0,0,0,0,29209.20110251,0,0,0,0,59561.0311951265,0,57573.3206006395,57129.3349084573,0,0,0,0,13224.8553599623,0,0,0,0,87067.2857291029,86914.4943568181,0,0,0,0,0,0,86397.737288006,0,0,0,19246.9969350766,0,0,0,0,0,0,0,37077.3073067004,0,0,0,0,0,0,0,0,0,0,0,0,0,0,0,0,0,0,0,0,0,0,0,0,0,0,0,0,0,0,0,0,0,13652.2057209815,0,0,13428.3791676,0,22574.4179325717,0,0,0,0,0,24692.0000341092,0,19807.9193515879,8897.85448054053,26400.4894352654,0,10940.0220672468,25190.2509868116,0,0,0,22122.5656385329,15242.6725749961,0,11552.6707637944
"108",0,8992.52452838505,6242.69966980565,0,4434.25347025404,0,8261.29527202387,6523.67957140051,5974.30770021773,0,8228.35771193536,30852.34123106,9250.2314590696,0,23090.4520261178,0,24912.7776488325,9290.66301848519,9288.62782374065,12668.3020647675,10203.1795749499,5313.9385655172,18784.4422654903,23651.5617562485,11241.9981518446,17722.290297828,0,0,12004.5032828194,15328.0439763017,15966.0321389106,13879.9939948011,29627.8976272429,8961.11991007521,0,0,27673.6615343771,0,29342.0791779799,0,0,0,22913.4395208679,12379.9863194198,16717.3049564573,0,20720.1600410847,20809.1991725559,17407.7880371285,0,18242.9832640035,73031.2397854255,0,0,56833.4667355026,0,57839.6959359639,0,49105.7729211612,44894.7715353618,19271.7270643778,67311.8164327303,64700.2270609577,79663.393830863,77543.9551067313,0,79649.0540756623,25180.1674315536,0,80418.3663321183,0,0,63110.7834995048,0,60915.644505155,60597.4351803785,78564.891445034,0,0,79846.8890434486,0,0,80482.0095356916,78936.7115820471,77810.068452491,83710.8385015705,84123.1314196747,83241.086845637,82861.0021987777,0,0,0,0,83731.3615111449,83499.4727110476,84307.8180039532,92918.3257345046,14877.5498831135,0,0,39211.485035897,40342.8094945051,42172.0468991036,0,40116.1761110918,40375.8588508225,42491.7208806785,0,35254.4255748629,35932.4576915036,36043.0631530277,36771.413310357,0,0,0,0,0,0,0,0,33105.3783913526,81046.7548460574,0,0,0,9695.77279195616,0,0,0,0,59253.227807906,0,0,73381.8397914324,0,0,0,0,11420.4523236821,10109.9049560824,7150.0208598711,14778.9694468908,9219.69807079327,7052.20547729773,0,0,0,16649.6070700397,30616.3948080301,21817.5844762501,21324.9790363168,0,0,6988.14184799241,23076.0590310262,0,14627.2163465309,25795.3965270205,0,7550.93594532668,0,18647.8816469665,13387.8217297056,0,12786.2936729346
"11",0,12036.0438067819,9476.36710269695,11788.7138759774,12183.0180843998,8261.29527202387,0,7824.4077945556,13495.5359403535,14226.6164349636,14148.1787033454,23819.0349823722,1937.28651561718,26623.5738957098,17380.800360342,28196.8774733712,18269.3599338895,2074.09220822805,2124.01347842273,4599.1155925829,2619.97134916983,0,10584.8787826691,15774.1027928153,8076.49991972693,13128.3839063583,0,11438.4680382783,9997.90835734449,12594.2719841188,9934.55735238685,6430.99540692656,23555.9472374308,1771.3391591391,2283.22228307028,3712.13301356023,19488.7310464367,0,21091.1849820016,11702.3447006183,12167.0186674907,0,15368.7714119287,8342.84881256125,8595.92633300122,0,0,12820.9452591389,12214.6112250927,0,10031.6218533071,76741.5554613751,60940.5664109448,13410.860860179,60925.8514785846,55574.9751082589,60168.7236919056,20968.1174108378,52384.4077423688,48744.8210508015,11111.6807626157,70586.1248534151,0,82459.1519420983,80515.4189883113,0,82647.2135095806,0,84197.7760185886,83444.2859410744,85273.3648456776,77603.7682622996,66403.383353654,64125.9946185217,63688.751600447,63697.9831534794,81975.5827333949,0,0,79565.2263984161,1899.72602797239,76008.6274195427,79644.2989702325,77893.8938262154,76514.4910404535,82118.8748656371,84019.238871736,81854.7964262504,81726.1594409348,0,90427.501432238,90167.2477190129,73722.7642313589,83929.9852890622,83963.2635359165,84248.9984219132,92117.6980177519,7972.45679607144,0,41681.0876212999,41171.3799858926,42681.6985402594,44381.3665747726,44752.2191483781,43175.296589371,43372.644414054,45764.4487359008,0,39179.1151023612,38810.2950263491,38714.8565924259,39193.2146488615,0,83638.8423965018,38197.7893182057,47427.1401498504,0,0,32027.4114387948,0,28870.3640590786,82194.5579759708,82910.2343523533,0,77065.8905806642,10835.1529628228,0,0,77465.324697496,82645.3207586845,60588.7562271036,0,82478.6339771013,76639.8923496233,77190.6112274651,0,77680.9698421412,79859.6241090863,12559.5892055811,11687.0837564487,5076.263154279,9366.77897729344,2064.32537282635,4244.42445245251,0,0,18695.9431600523,14998.6919526551,23624.9371910654,13625.5866099692,13267.7225857456,0,31385.6150271219,6044.8141972819,15034.4947479981,18526.5720995331,22861.9188709954,0,0,1904.94509422212,22394.2192767061,10535.2939980833,0,0,14182.5958772737
"114",0,15033.7777440822,12103.0373560388,14005.8542733438,0,6523.67957140051,7824.4077945556,0,8025.44486982289,6458.55530976817,7040.75592421984,31530.367829232,7299.5415208566,19376.2132397971,25156.4837939687,28238.7628964227,26079.2927214853,7230.76210006912,7185.58989874056,10430.9285046457,8000.36827788573,0,16224.0251926384,23056.7214474776,5338.60669960187,20578.1040402203,0,9163.01116712374,16137.5159312421,19255.550514608,17694.5043327772,14210.3015695695,23914.6610283357,7105.63549908174,9633.35895099616,5570.91650152071,24634.944638327,0,26703.9579009478,17351.477480406,16932.4952976242,0,18699.1993721444,15384.4646325224,15746.4999742188,0,0,17465.694673961,11694.5739553933,0,16835.22584667,79543.3456827846,64575.0498758362,9883.92661861772,63355.749626481,59012.7958593746,64165.8405971065,24384.3597307647,55568.1831983106,51403.2621077976,18042.5272014128,73788.1849825824,0,86088.3118179008,83991.3580191439,0,86100.8521392892,0,87516.4220065807,86873.9042038763,88782.8883241771,80669.8608242469,69586.5402121002,67363.4185170844,67323.0315228372,67049.8014307391,85058.5684619472,0,0,73860.5487010112,7068.67798777404,69932.4267991927,74329.5805313722,72728.6216745974,71539.9119694918,77382.1143199176,78201.2070804332,76955.4653835048,76633.770039254,0,85243.6387042987,85231.4093193507,68319.5676070677,0,77787.1616863481,78401.6853779578,86787.5152174136,10679.1205702621,0,45849.8658667757,45414.293514658,46634.7010023149,48441.7022949544,48678.5068620259,46535.8497540862,46786.8069190905,48944.5310979461,0,41758.9064350116,42312.8938858318,42387.1800581919,43068.83003655,0,76003.5391668607,31492.3660947424,40306.7874778332,0,0,26415.5306078391,0,26700.2806881497,75625.5401609947,76484.7531813838,0,69444.7486089277,3527.17655832774,0,0,69857.9482099071,76282.2596222484,53883.6029455622,0,74879.6650677167,69158.3664906747,69607.8673006866,0,70648.9946701432,72227.939620445,5381.67388255885,4216.17462858585,3023.69958574629,9456.18469555873,7154.30370058911,3742.15174620233,0,0,11680.7131897953,10129.1815643171,31349.4454825353,19039.2025253663,20353.0121329331,0,26475.2249127781,10960.813039524,22097.7402029724,13914.5279319961,0,0,0,5994.51049636044,14621.0004614545,17610.407232226,0,0,18479.704716301
"119",0,13584.9581919512,11380.6132421836,12093.917768818,0,5974.30770021773,13495.5359403535,8025.44486982289,0,6616.89654965599,3703.71401799862,36746.4256419842,13943.4312537785,13849.3706136822,29064.4053370312,35941.0902719973,30848.591097159,13936.5980444249,13914.254624938,17413.4899966885,14845.9405746209,0,23516.8778600743,29230.7753731299,13318.2475609621,23667.2598043536,0,16902.0333245316,17785.4870967045,21100.8709115891,21917.0760773557,19579.7105584517,31743.6886932512,13674.1933351014,15746.8743560351,9842.58405671482,32229.8984169993,0,34132.1280058028,24662.2715284488,24549.6819307941,0,26640.6234600565,18342.2881303815,22090.8145768751,0,0,25127.325144779,19627.9520195384,0,23482.1370813816,74681.2133874277,60646.2325271982,17111.9377109574,58317.2667288284,54962.6042271916,60618.9413278155,32354.3480848029,51323.9094031221,46741.4883680436,24593.6231766145,69338.94881924,0,81957.4172084156,79723.9226338202,0,81797.3897200573,0,83074.2501953592,82542.1306016607,84516.5842287902,76038.1397536606,65159.5933921506,63011.5197962107,63361.3498884077,0,80412.0403091165,0,0,76784.2001641748,13696.689719847,72333.1383079212,77774.1552070967,76373.5009629643,75423.4572417425,81491.3570136882,80926.5637899948,80883.7527896818,80336.4960118754,0,88775.5663013669,89062.0138156201,71702.8769133904,0,79959.1714925653,81082.3185526244,90125.0536414255,18543.3732178486,0,42830.6054057841,42489.317373106,43359.3740347437,45238.0716330926,45324.600950081,42648.5546048654,42947.0638703086,44822.9620831252,0,37251.8630455442,38686.495746239,38934.1286388259,39809.8258206017,0,74541.7406062922,33534.6849218398,41093.6042531082,0,0,30469.0571948992,0,33597.2656219521,77118.5037011732,78237.4047038557,0,68098.8418208689,9354.55445402071,0,0,68572.9817117368,78147.7938322063,55351.531776137,0,73595.4835197858,68393.8214891313,68435.1504868686,0,71191.163389126,70810.096960159,10404.5373767222,0,10421.9551273573,17479.9793650627,13857.4623658941,10782.5718261965,0,0,14964.4240088439,16515.4553104861,36517.412465832,26473.8474368261,26762.9392105078,0,18508.8769369817,12929.8896778656,28529.3545560462,5911.42548178021,0,0,0,12253.0403412913,12002.0241243845,24029.6462928437,0,0,17577.7931155736
"120",0,18865.9027534895,16193.9466888682,17522.2480516149,0,0,14226.6164349636,6458.55530976817,6616.89654965599,0,3039.40831756494,37986.3794435437,13749.9747683572,13284.5150325791,31426.5570095725,30901.3499271476,32495.7200678635,13676.5702112941,13629.6114695446,16770.8826867127,14416.9058027382,0,22312.6913276861,29474.0903666665,0,26596.6428771153,0,12579.289250272,0,24819.0559753088,23975.1401516486,20643.7253272414,27033.8994482483,13561.6150015485,16091.2952175226,11442.4884341042,30336.3430986571,0,32559.7570189473,23410.4028962337,22722.1473339531,0,23826.089719972,21275.4702123553,22170.3266532559,0,0,23189.9016711631,15619.2826946553,0,23192.9342159766,81284.2314403035,67117.1201070182,12035.7990698432,64926.7205920575,61450.5153328864,67007.8581145031,0,57841.6134362583,53313.2919948182,24414.436044581,75899.9487542646,0,88478.4895103781,86264.9191987567,0,88344.3725464492,0,89639.8439415594,89093.3058014247,91059.3477266299,82622.4025590973,71715.521573915,69555.8208439789,0,0,86999.0094488119,0,0,70399.7604597665,0,66082.949180158,71281.3108150333,69846.2045774722,68862.2495624051,74907.5611446566,74595.3376125827,74319.5437732301,73802.6144592634,0,82273.6088402788,82513.7327459786,65216.7035216393,0,73787.2374993172,74763.0141359111,83659.7980881626,0,0,49045.3745678359,48674.7210133963,49648.5245889862,51512.2923311349,51639.7295886753,49085.2262256446,49374.1059511843,51310.387321881,0,43790.8018839385,45053.5837138984,45258.1138417133,46084.2326684981,0,70127.0071091864,27286.3682693342,35357.8689526673,0,0,23855.6741161417,0,27695.0235857814,71180.9915604328,72205.1687454607,0,63600.3124895857,4853.85539625565,0,0,64036.2589662707,72075.6782796651,49385.1897445454,0,69065.3939537353,63538.5106302486,63827.4439451579,0,65650.0759957022,66361.8928621116,4813.10726202114,0,9455.15426184176,14207.8978560276,0,10199.1172384925,0,0,8347.94113249587,10774.3183995742,37803.749930631,24976.850243336,26741.4341080172,0,0,16310.1346635412,28473.0624020584,11590.9374052785,0,0,0,12437.1468754898,8170.25954357345,24011.9199527638,0,0,0
"121",0,16761.7207725206,14287.1685286174,15333.6298211815,0,8228.35771193536,14148.1787033454,7040.75592421984,3703.71401799862,3039.40831756494,0,37923.5615536206,14086.0762200125,12490.2326897972,30811.7561660465,33519.0275668614,32220.243997849,14041.4775461589,14004.5823703915,17385.9787553528,14881.0117237181,0,23259.8449235998,29825.4000673215,11746.4934655925,25685.4313316766,0,14801.2566160003,20203.0465626848,23520.6123672915,23449.5833271752,20538.6808401202,29515.6452723983,13854.4239001781,16238.4047904631,10858.7839025878,31647.5488566268,0,33740.712078138,24389.5426861187,23952.4540732546,0,25500.475421405,20314.8451101227,22534.4233230822,0,0,24473.2362109438,17741.5195165644,0,23735.5681243252,78364.4653547076,64346.2137952117,14581.5052446517,61993.6852812895,58664.3189748775,64304.5863107184,31103.4200230033,55027.4886303266,50440.821628586,24918.8949802491,73039.961667402,0,85661.1255869429,83427.0903710719,0,85500.0769162186,0,86774.2361125759,86244.3811843662,88219.6056910953,79732.7692463896,68861.4274356036,66714.5692784529,67062.4036689783,66515.2366810446,84105.440055662,0,0,73092.6105928239,13842.4421825031,68669.706396222,74070.6451658999,72670.4058277488,71724.8670660525,77799.8653769692,77245.2381453302,77185.7601872259,76633.8443073663,0,85071.8878625849,85360.8910324591,67999.5700509003,0,76316.9874542009,77403.5206385872,86423.2217153202,17622.7263064519,0,46465.8261113317,46114.870744047,47017.4755554821,48892.1831624713,48990.3975225288,46342.4414056014,46639.182761337,48524.3519399274,0,40955.4517784389,42364.7792503818,42601.1545002647,43462.7813141828,0,71585.6492711468,29863.8938469006,37577.2893313344,0,0,26810.4612802311,0,30606.6986532201,73547.9290029854,74636.4291976908,0,65101.3857014027,6913.9722412817,0,0,65558.9339528006,74534.4880568063,51766.4502396448,0,70587.4207873466,65241.194979955,65389.7578960073,0,67761.2972680252,67836.7884387297,7461.73627508497,6500.05453862197,9979.49482554886,15980.9199366333,13962.0572187765,10579.0190723384,0,0,11343.1975316572,13583.0075455905,37718.8196686452,26078.8719658947,27193.8673245105,0,20100.6277085288,15068.5480235855,28953.6920573896,8599.28282503046,0,0,0,12553.4636324259,8999.79926766072,24439.3273899497,0,0,20714.7485311696
"125",0,0,27542.9994790847,28770.6261682076,0,30852.34123106,23819.0349823722,31530.367829232,36746.4256419842,37986.3794435437,37923.5615536206,0,0,50335.5161577059,9287.97952869441,35759.8890546323,6116.85283764135,0,0,21676.5818575182,23710.6518537085,0,18118.7723122495,9489.82220694219,29625.4634382431,14807.3989121566,0,30599.5289358517,21041.1147187824,18720.1602971644,14980.8142893755,17393.8067999788,32204.3097029836,24447.0766863273,21898.1652565165,27109.4457499854,17324.9232021559,0,15541.272030539,17526.4947664501,19518.1417464452,0,22545.9992888796,19136.2868726575,16151.7681691543,0,0,19626.9540845827,28841.7832832134,0,15686.9447516599,77513.1362141815,60138.2954965655,32930.4634417041,64090.1212240459,56027.3943840345,58151.0957588907,23252.4697239279,54078.3003502487,52602.5358056169,14484.355771702,70445.8205452193,0,80096.4344136435,78795.2196618182,0,80885.6356242864,0,82817.7027192448,81722.8796191274,83180.2297317359,77449.5003631921,66652.7178430274,64387.7045892708,62627.3950451113,0,81511.8330617069,0,0,95955.2509234477,24496.2665785546,93536.6039019275,94936.7763849371,92823.7362915438,90961.9878518757,95713.2908230482,100621.126217309,95914.3450458684,96332.1256904201,0,105053.650008897,104087.66391101,89446.6484321769,0,101599.455771661,100929.607672768,107125.375973451,24274.3566172591,0,41716.9221901999,41042.9856479824,43289.6092703308,44287.8776077714,45070.0816718184,45701.3495497428,45686.7327668037,48429.8137363625,0,44884.7164787588,41749.8477036054,41115.5788853408,0,0,105940.565314227,58642.0661920918,68531.7825459298,0,0,50674.2866662251,0,0,101015.652885553,101295.188961632,0,99345.2490372779,34073.0019664825,0,0,99688.0461773473,100852.240610359,80248.2348032488,0,104639.438957587,98401.9377388565,99319.7875802902,0,97966.4557764187,102165.81002026,35532.8851386234,0,28568.7575939398,27448.3392518608,24436.0501121633,27797.8670131391,0,0,40934.5692070533,35407.8290580085,336.86450178577,17364.7338677783,12268.9855053733,0,52826.8780241878,24322.4401577946,10981.4902039644,40720.3835298552,0,0,0,25554.1852215748,46151.1909608116,14593.5311998344,0,0,25596.8952614982
"127",0,0,11268.6345834602,13582.1593639117,0,9250.2314590696,1937.28651561718,7299.5415208566,13943.4312537785,13749.9747683572,14086.0762200125,0,0,26559.9141028212,18436.6101112119,26330.5458007334,18973.7804236685,0,0,3483.71188064172,952.998573398019,0,9623.36829318165,15775.7310147216,6433.048368816,14565.5580082667,0,9574.84988712129,11866.6750184652,14343.3280038769,11096.9151892184,7137.00181687705,21698.2467763508,289.411162248964,2444.49481062641,4691.29999963738,18464.3408950424,0,20239.6041264179,10766.5886225377,10929.3405898409,0,13831.5038834867,10045.890033503,8467.00702465649,0,0,11559.8367984324,10277.3248327858,0,9659.47088883901,78673.2613265916,62876.9437217538,11614.8779951998,62844.6073281489,57512.2512635059,62099.1934378578,19507.0974730929,54319.8777547188,50667.8489697391,10833.9445734401,72522.8543349412,0,84394.5376507348,82452.2745111483,0,84584.1511495176,0,86135.0623583031,85381.326883632,87209.8752934498,79539.6034646739,68339.8150272701,66062.7303921271,65624.9845348108,0,83911.7517234767,0,0,77830.016932794,247.667351222392,74339.990953302,77854.1038648047,76086.3085885345,74686.4762101197,80266.0084359553,82300.467294637,80017.2834290853,79908.8939146008,0,88617.846314457,88330.9451448137,71946.6233795982,0,82310.7034073302,82535.0527386239,90325.2220951323,6155.73789993974,0,43611.1473794994,43099.5554187207,44616.0481664671,46313.3037360422,46686.6271525295,45111.6133483328,45309.3938311375,47699.0035325962,0,41094.8876281932,40747.210051496,40652.1169028836,0,0,82551.1764799359,36722.9017931657,46074.2919963353,0,0,30334.9321988565,0,0,80633.7260474137,81313.2325633909,0,75968.5856126287,9879.01047526022,0,0,76356.1917706655,81033.8531359083,59079.6711381369,0,81360.3740130083,75440.2880826321,76061.7865245283,0,76266.2756810274,78770.2821608031,11483.3829602154,0,4298.29845496434,7430.10389661826,178.377472642918,3561.37311929154,0,0,17431.6781742699,13333.2834432401,24105.9968338273,12630.1562257989,13110.6382905476,0,32181.0006988095,7964.02125465257,14868.4993678656,19295.4525698392,0,0,0,1722.08121918211,21893.3929725838,10357.4676685597,0,0,16119.045820864
"130",0,26709.8502487159,24943.0978145469,25168.1060576794,0,0,26623.5738957098,19376.2132397971,13849.3706136822,13284.5150325791,12490.2326897972,50335.5161577059,26559.9141028212,0,42892.2332462277,42327.7121630717,44544.1130909024,26510.4513184162,26471.6340619058,29803.2204186666,27332.6070106124,0,35533.2665040706,42314.1881712755,0,37516.3322853165,0,25437.0841748325,0,34864.0910713186,35667.4303504339,32982.653512883,38997.7719015839,26333.6232736032,28728.4989871754,23226.1177673872,43618.0733380634,0,45842.3195946195,36644.0056908319,36004.9169273216,0,37009.1104939784,32189.111142356,35018.5929431868,0,0,36474.4156242468,28516.8946616899,0,36189.3542590493,81036.6273318495,68903.7383993232,24370.1341149682,64726.4136811306,63184.968354371,69441.5502437559,0,59355.6236448728,54253.1720602269,37383.3548343787,76551.1538523159,0,89487.9122013779,87059.8855794886,0,89039.9456516637,0,90056.7999739523,89724.8892495768,91782.6951500472,82797.0734659407,72501.6244851876,70531.7511952222,0,0,87069.1946394915,0,0,70123.5936915564,0,64925.6719018505,71982.984414791,70970.6746891639,70478.8777969082,76833.3753372769,73855.5007487317,75899.2714509271,74950.4744663319,0,82926.3905886788,83743.8495813412,65950.4137666994,0,72036.242099999,73936.0044166303,83915.0830724814,0,0,52863.460702335,52646.1090208382,53057.9900465178,54958.3762900157,54850.0472283754,51553.4339348094,51906.8545781471,53290.0127440122,0,45494.2814796922,48131.7136288446,48592.8526951866,49672.671683306,0,62260.644983291,27739.0759620087,32512.9585462997,0,0,28723.9023987023,0,37522.2667671669,68248.8886926077,69720.7171898376,0,55993.4124066482,18094.7411899759,0,0,56519.7810584395,69798.4850244725,47028.7991240803,0,61486.4857361934,56868.2277606317,56492.4486066666,0,61149.3890217655,58606.388740461,17582.0936636148,0,22382.4022090582,27402.7543653194,0,23027.2343172933,0,0,16892.0124122415,22401.0907746453,50122.0864864199,38244.7791384009,39670.4779616437,0,0,26779.2581248776,41426.9627042051,12462.2571168067,0,0,0,25043.2952484607,7103.34624381137,36917.3059214215,0,0,0
"131",0,18636.8810190861,18914.4808710562,19875.373040482,0,23090.4520261178,17380.800360342,25156.4837939687,29064.4053370312,31426.5570095725,30811.7561660465,9287.97952869441,18436.6101112119,42892.2332462277,0,36836.2466022997,3789.97701599552,18556.9511993021,18617.2873276415,16881.6579317745,18168.1784568336,0,16047.209634756,9775.81812336947,24631.7067532023,5753.66121585689,0,26708.9126509725,12148.3475263921,9524.39921632135,7462.31054801561,11380.3204746944,32606.8743556939,18517.6944844021,16013.786738903,20033.7797170029,19824.558992385,0,19175.1901036365,16049.9854079135,18204.8096233586,0,22207.7988029668,10766.6442967781,12222.2226956889,0,0,18612.257245746,25805.7790991644,0,12832.7797673852,70871.1049586539,53739.9001631393,29037.7867016476,56651.4172036386,49183.7336629965,52102.0641811476,25081.4274331412,46853.8982562621,44811.794609779,12078.2394071986,63993.6035996939,0,74447.1809894293,72923.9256025182,0,75047.6139021164,0,76875.272051918,75879.6310505964,77470.5784816806,71078.4242517338,60037.1237643389,57737.0460346565,56348.9398267576,57051.3489259975,75272.9267662262,0,0,94543.4179221903,18603.4032144304,91542.8737959966,94044.4339992404,92087.667042447,90434.7228333277,95597.3984190672,99126.547090752,95592.4141742312,95765.0706611849,0,104521.93030375,103872.308008844,88319.4427796465,0,99583.2834187111,99397.2581052571,106425.964329072,20646.8926020576,0,34627.4147049762,33977.2862066265,36090.2628160095,37319.2383731294,38006.5741458684,38069.7956781425,38107.4138504442,40833.2606951648,0,36538.374927291,33903.0454851673,33377.0664065699,33248.1325011257,0,100978.738242293,54842.8623816151,64387.3830086884,0,0,47734.7138550455,0,40730.2032317989,98358.7072358557,98879.444607096,0,94398.7751792147,28201.6509176078,0,0,94789.2451584768,98531.2062018687,77036.3354854651,0,99795.1894177601,93866.9710279136,94497.7435080021,0,94438.2688852067,97198.2253827237,29884.1058825944,29061.5658768524,22448.5041171228,23680.5413062421,18613.2661967661,21620.0762660497,0,0,35857.7380265902,31220.3967997842,8966.53612472804,16928.8292119707,10992.0812264031,0,44083.7651068382,16186.6494110578,11041.9840996448,32406.9408545675,0,0,0,19275.1558604869,39523.6049182344,11678.5821804924,0,0,16349.6379967227
"132",0,40229.6637785138,37577.4880947514,39884.9802735799,0,0,28196.8774733712,28238.7628964227,35941.0902719973,30901.3499271476,33519.0275668614,35759.8890546323,26330.5458007334,42327.7121630717,36836.2466022997,0,34521.4039335039,26213.7979156527,26178.1879203282,24286.5921192666,25578.5867092313,0,21298.0086342544,27600.092835973,0,36589.8299311216,0,19088.9893877374,0,38455.7462796486,32592.0933677221,28756.7572227965,4654.16926750053,26567.2281547083,26959.8857690122,30385.9886008925,18452.9491147969,0,20528.4057117171,20987.3265615118,18950.5392985557,0,14762.2466811178,34474.0875727214,25723.1753348479,0,0,0,16700.3503372741,0,24482.9348477692,0,88310.7208485338,18938.5004794847,88980.47942467,83146.6216331075,87211.3119249846,0,80146.2153088136,76770.8699472194,24940.355452324,98214.3271516177,0,109669.619336718,107875.677783645,0,110014.55076642,0,111668.463635858,110827.75225478,112577.409837142,105287.619385332,0,91769.5409093859,0,0,109629.347870691,0,0,61195.604077691,0,59589.4006687891,59679.9523363378,57460.7450250241,55470.672135078,60021.2989872245,65905.4670601864,60297.4480043863,60839.3192552083,0,69509.1787088417,68411.8791016312,54453.1764681703,0,67552.3775935915,66254.4417910637,71668.6713167263,0,0,68847.7945256976,68278.6930192879,70019.8257284972,71595.7357380767,72077.6852727696,70922.4716184746,71086.0168090218,73584.6999106394,0,67278.0539174054,66529.3904244758,66329.2031072135,66655.3180094054,0,78749.0760432391,31667.1246911351,41259.1342766802,0,0,22492.4880806121,0,8002.06174032777,68045.2969728822,67887.6193151754,0,72402.9361618343,26689.5866323271,0,0,72568.4443301985,67293.1190000569,49222.0532094784,0,77115.9055159165,70169.4604521056,71963.0546808833,0,66958.1909847554,75159.7419332453,26113.1151207933,0,26961.5257722972,19385.6851023381,0,27148.9825036483,0,0,25484.8347728892,20235.2708392884,35856.3949957136,19910.4257924709,25855.505315529,0,0,34214.2406177304,26102.4167645745,41805.0054717439,0,0,0,27548.3759940903,35274.393612047,0,0,0,0
"133",0,21540.565329492,21430.8391877153,22658.5718351525,27106.668566593,24912.7776488325,18269.3599338895,26079.2927214853,30848.591097159,32495.7200678635,32220.243997849,6116.85283764135,18973.7804236685,44544.1130909024,3789.97701599552,34521.4039335039,0,19075.544140381,19131.4304858803,16793.3488513268,18526.0713259141,0,14585.2739219562,6939.6228635416,24770.0455689189,8788.45526800539,0,26308.6770410104,14937.7470583733,12742.7772701076,8958.47096871502,11876.0141557075,30487.644143724,19108.4791781594,16537.5530436217,21362.9340905972,16850.8680153677,0,15901.6859085271,14330.9778367766,16490.6068858897,0,20211.358243993,0,11509.2252976065,0,23660.8344166164,16789.1279434314,24991.5004591011,0,11595.3296078711,74426.3091006379,57227.2238357339,28662.2891094771,60344.6832691701,52761.8671913906,55505.1401644503,22402.2610735977,50503.3389988045,48548.918557072,10580.989140983,67503.3762828146,63233.7629692718,77777.267445425,76307.2285333807,0,78424.5873854812,16299.6215401339,80278.668257402,79258.5178758903,80818.0917204828,74575.8809159131,63578.6905992742,61283.934629884,59812.00091691,60578.0348260902,78743.8381416867,0,0,93306.0105344787,19173.59553924,90536.5078299575,92603.7625953633,90584.9437127226,88850.9804578504,93866.8086503766,97926.8496860767,93937.9027527561,94202.4948477413,0,102954.836956921,102186.688171674,86962.7643058116,98231.8075945947,98594.7211308585,98212.8780985715,104923.993062614,20031.3287727535,0,38233.4267361125,37577.0675111169,39720.8554002412,40905.6115738544,41613.6075016854,41778.808087309,41808.2738441918,44539.6203512572,0,40323.8354098611,37638.9680782955,37096.984203112,36937.7910481909,0,101311.948368289,54555.3024565351,64283.4311370085,0,0,47035.1640141271,0,38993.8415341962,97636.6032232627,98055.9241617511,0,94719.3562863735,28852.2756020451,0,0,95086.7208762508,97667.7100965255,76528.8611364304,0,100069.915448755,93987.3913177923,94757.4227737203,0,94092.932953161,97531.4421503048,30421.2578316393,29734.6550349128,23197.8857276246,23182.735608371,19142.0014766031,22395.871681025,0,0,36123.1469837067,31007.1446828547,5836.94213235504,14825.8341024426,8900.77788488247,0,46714.7529214133,18269.7454971891,8419.00734519475,34666.2556981923,37726.4081594085,50404.2191080834,0,20087.4977798092,40661.6312778156,10405.5974259338,36029.7826337888,0,19641.8799276489
"134",0,0,11379.2154299708,13692.2488151675,0,9290.66301848519,2074.09220822805,7230.76210006912,13936.5980444249,13676.5702112941,14041.4775461589,0,0,26510.4513184162,18556.9511993021,26213.7979156527,19075.544140381,0,0,3479.95522482753,922.687545172484,0,9612.83116578328,15834.9674675724,6293.62089013771,14702.7320292393,0,9429.8521083689,12011.003792903,14488.2506198547,11224.4282137067,7247.35699224706,21583.1824772653,362.25865501221,2555.43655764173,4745.18640474674,18441.8480411498,0,20231.5935286397,10756.9577646751,10891.1139648283,0,13759.7786946611,10190.4325858806,8524.74738459454,0,0,11518.731546023,10141.2737419168,0,9697.54760406997,78805.3293648747,63014.6113197732,11469.9610999255,62972.7435701904,57648.3068508349,62239.0868384174,19441.9619074637,54453.8405384692,50797.1486701291,10877.4530523117,72657.8416706596,0,84532.8163335452,82589.5026489504,0,84721.2798722281,0,86271.2938410078,85518.310975049,87347.4377028543,79673.7960896455,68474.5010193189,66197.7284913834,65762.7583328412,0,84046.2001027586,0,0,77685.7496532419,269.30488722931,74197.3051685323,77709.0518338151,75941.1468594054,74541.299424535,80121.0329623554,82156.5292115002,79872.1516296194,79763.7078813509,0,88472.6755814633,88185.806979422,71801.7184190931,0,82168.4547024059,82391.2197024957,90180.1474083786,6051.28497339231,0,43751.1180693673,43239.9176182885,44754.7748380591,46452.813159851,46825.3321764233,45246.2197668779,45444.4259893604,47832.4337507666,0,41222.4012630108,40882.4537530467,40788.5963032919,0,0,82433.9541638172,36587.5040349311,45944.170890563,0,0,30191.8408117673,0,0,80494.4989513265,81172.7362704528,0,75850.920133191,9776.76744691599,0,0,76237.8880871038,80892.8775418671,58942.5362653389,0,81241.5281579597,75317.2633505198,75942.4391031775,0,76132.9682089185,78653.0114131786,11372.4056052002,0,4221.97234750105,7292.69146348712,79.9926049989435,3498.22102740748,0,0,17307.8694042196,13191.5836664307,24193.4290721079,12613.4164691879,13160.5985219753,0,32195.373496759,8093.55180307451,14916.5573476209,19310.6173833959,0,0,0,1746.5159569285,21815.049076873,10408.7864855593,0,0,16253.8931311439
"136",0,0,11411.7204609935,13724.4179785234,0,9288.62782374065,2124.01347842273,7185.58989874056,13914.254624938,13629.6114695446,14004.5823703915,0,0,26471.6340619058,18617.2873276415,26178.1879203282,19131.4304858803,0,0,3500.16323689908,936.614934552067,0,9629.12699964736,15877.6577549674,6231.14497637808,14765.2566834857,0,9371.7486125381,12067.7672274635,14548.5942524669,11286.0596005907,7305.56987107386,21548.6015695668,390.024711680078,2614.11290318393,4749.89775106107,18452.7742302129,0,20248.6028262557,10773.5625696125,10895.3934285883,0,13748.3234180743,10251.2929949321,8567.14575854017,0,0,11521.6908405744,10092.9211770482,0,9732.89841188187,78850.9350566803,63064.4541368678,11409.6165133509,63015.6618525539,57696.8695391608,62290.8353063889,19433.567325261,54500.8254011969,50840.8566156486,10914.7264648027,72705.5807181599,0,84583.15827043,82638.9828913662,0,84770.6796818291,0,86319.9832630101,85567.5947815634,87397.1876494514,79720.9389851215,68522.0152055944,66245.4782030252,65812.6870785538,0,84093.5316076386,0,0,77624.6364546871,282.463560093061,74135.3876155863,77649.0049215685,75881.5436415624,74482.3080655736,80062.9641573245,82095.1800443444,79813.4910254647,79704.3859362856,0,88413.1416662154,88127.1107310458,71741.3475163502,0,82106.4085935537,82329.8059625933,90120.1667290956,6023.27892821159,0,43802.9451338701,43292.1033093179,44805.5104838191,46504.2261755765,46876.0479634682,45293.6889484137,45492.2144396041,47879.0342969561,0,41264.9292945969,40930.4067863604,40837.5022417713,0,0,82374.334251742,36525.039766309,45882.2117354572,0,0,30130.0670385461,0,0,80432.0178062368,81110.365819502,0,75791.2041169608,9721.0368166889,0,0,76178.0337512275,80830.5720412239,58880.013035602,0,81181.5572058303,75256.4528124118,75882.3630144254,0,76070.6529163326,78593.3814157828,11314.3448885395,0,4174.5964577976,7243.30469795585,73.440580760929,3455.57864352175,0,0,17246.9406738328,13129.4024869342,24245.182684835,12626.9528948185,13200.1063717986,0,32181.5276197402,8137.67006867688,14955.3483397579,19297.2361419154,0,0,0,1740.42442094575,21766.3868180959,10448.8632395425,0,0,16301.6177973018
