"","1","10","108","11","112","113","114","118","120","121","123","145","150","156","163","169","17","171","180","186","188","194","195","197","198","201","205","206","207","209","214","219","220","221","231","232","234","249","251","252","257","259","261","263","265","266","268","269","27","273","277","283","285","287","295","303","306","307","308","309","31","310","311","312","313","315","316","317","318","319","320","321","323","324","325","327","328","329","33","330","331","332","334","335","336","337","338","339","340","344","348","349","350","351","352","353","354","355","357","36","360","362","363","364","366","367","368","371","373","376","377","378","379","380","381","382","385","386","389","391","392","393","394","395","398","399","400","404","406","408","417","419","421","422","56","57","6","72","74","78","79","82","89","90","96"
"1",0,0,0,0,0,0,0,0,0,0,0,0,0,0,0,0,0,0,0,0,0,0,0,0,0,0,0,0,0,0,0,0,0,0,0,0,0,0,0,0,0,0,0,0,0,0,0,0,0,0,0,0,0,0,0,0,0,0,0,0,0,0,0,0,0,0,0,0,0,0,0,0,0,0,0,0,0,0,0,0,0,0,0,0,0,0,0,0,0,0,0,0,0,0,0,0,0,0,0,0,0,0,0,0,0,0,0,0,0,0,0,0,0,0,0,0,0,0,0,0,0,0,0,0,128592.844166586,0,0,0,0,0,0,0,0,0,0,0,0,0,0,0,0,0,0,0,0
"10",0,0,9052.64332351079,1952.16070505845,14532.9425082086,15662.4428436198,7057.18623691347,14992.9981585422,13508.9152978012,13840.9830867377,223.485456160633,0,0,11282.8071097296,4509.37311467596,18678.6601403772,0,20464.7365101228,13990.4051465144,0,0,0,78775.6970023214,65677.0349081201,65341.5632756236,68290.8325646355,70598.5592615117,79269.1492350827,71825.3811644893,63518.2833558105,62884.2267403929,63840.4751105258,75923.267949175,62811.1734777137,62119.3182032027,56489.0605392578,59907.6906361366,70986.4020203385,72516.876366399,77591.202314151,0,68047.4976938958,82461.7295322164,83084.2148666317,82457.1597498527,87420.3345260074,82483.0879384552,84588.5159786636,0,84753.9855718778,87216.492409403,75185.5830508164,68332.4832704434,67821.2082958055,77392.5961534284,66893.4493946075,76312.1115063807,70746.5883841222,71500.9446496676,82351.959195021,52.5412022114094,81654.6267066247,77380.548769325,74214.8154406598,89209.15955853,77731.8672675303,79553.5727174777,79988.0408695021,84285.7936854239,79637.9428099963,79637.7985864583,77760.174207729,74605.2058999286,80194.4890901545,82186.9568162035,79823.8411919083,81145.047490996,0,11756.2609414401,84283.9266342112,87014.4383609753,89920.0904460571,88252.8585140416,87216.9799171721,85076.0515746055,71848.3903349141,71945.4533124927,82123.9590337156,81732.808113242,90232.1024383114,93224.3760376901,85985.9980912048,86161.8699325049,78503.5087792052,76950.2112101049,72712.6017643326,79182.0379343907,79370.1800258451,42502.5923000218,17633.2912674199,43483.4088697179,44629.3326612397,46086.6948318871,46331.1881942237,46772.5748382227,46166.2297574979,0,47686.2899463702,43396.6486210226,0,41059.4324796007,40609.663203446,39585.0029292477,40742.6699718826,40653.5103583242,38232.8693611898,0,39281.8701025217,39918.550242537,82347.3535692795,0,36561.6632059375,79083.9132243369,45896.9327642683,0,87967.7590566287,30213.5938939812,92452.8012700182,80487.7774839389,0,0,75246.7184880905,0,76097.8281515413,0,17240.4408550074,114.458741097111,0,23789.3370161286,23648.2486681319,0,0,0,21654.2059882067,24322.0025549108
"108",0,9052.64332351079,0,8261.29527202387,5919.0968524813,7571.08591963078,6523.67957140051,0,0,8228.35771193536,9187.61104380144,5313.9385655172,0,15966.0321389106,0,27673.6615343771,0,29342.0791779799,22913.4395208679,0,20720.1600410847,0,74188.681539045,0,59347.8842159976,62392.6951183567,64639.4257178648,74476.3374937148,65880.7581109619,0,0,57479.9824461269,0,56833.4667355026,57839.6959359639,51377.5245917047,55195.2053268974,65802.0829958107,67311.8164327303,0,64700.2270609577,0,77784.1709663135,78298.109168914,0,82638.5411423434,0,79649.0540756623,25180.1674315536,79617.0832327507,0,0,63110.7834995048,63456.7080156669,72856.053502621,60554.7138633971,0,72914.4508585256,0,0,0,0,78832.3191003627,75724.4018617391,0,80097.7482532163,0,0,86071.7201173473,82177.8296576436,82523.4401296606,80482.0095356916,77810.068452491,83710.8385015705,84123.1314196747,0,83991.8641517291,0,18235.540774062,0,90179.9737308398,92470.0378375687,0,90557.9265634024,0,74447.4775986255,74828.4919303396,83731.3615111449,83617.7267057327,0,0,0,0,0,78531.3678745423,74359.3535032593,81452.3246345041,81478.0571286437,39217.5910796403,21929.6609108808,39776.3456921312,40342.8094945051,42407.0892813454,42172.0468991036,42267.8840594915,41413.1528880896,0,42491.7208806785,38281.2134520294,36120.2270942434,35254.4255748629,35415.2409662892,34305.2616111718,35932.4576915036,36043.0631530277,33520.1577191844,0,35196.4759152601,36281.4399501108,0,0,0,78024.318225637,0,0,0,0,88529.1708939948,81046.7548460574,0,0,73381.8397914324,0,0,0,0,9166.72292395071,0,15984.7906262487,14627.2163465309,12625.4209229986,0,0,0,17106.2534631051
"11",0,1952.16070505845,8261.29527202387,0,13336.9169057261,14283.1961695527,7824.4077945556,15786.25039701,14226.6164349636,14148.1787033454,1873.50604809682,0,0,9934.55735238685,3712.13301356023,19488.7310464367,0,21091.1849820016,15368.7714119287,0,0,0,76827.5420509069,63756.300352547,63456.1806446117,66397.5255372198,68708.5310417286,77324.8688745353,69933.8948145039,61584.3593732105,60940.5664109448,61985.7524454696,73990.1299610126,60925.8514785846,60168.7236919056,54559.4117098009,57964.6300081471,69055.2117005852,70586.1248534151,75654.0617009593,0,66099.9413940722,80514.7944609545,81139.3780196913,80515.4189883113,85475.0005518056,80550.1937880328,82647.2135095806,0,82818.6053640309,85273.3648456776,73279.5943099657,66403.383353654,65871.0082354716,75443.7934000774,65035.1400494436,78139.3203861468,72591.0277502325,73334.8461128045,84148.5997621383,1899.72602797239,83440.4188385599,79171.0584733311,76008.6274195427,91058.9249581006,79593.3341396971,81417.6996304958,81862.4896468766,86107.2238925079,81511.5095595021,81531.9349536899,79644.2989702325,76514.4910404535,82118.8748656371,84019.238871736,81726.1594409348,83037.4543383931,0,10962.0716770114,86178.2853450844,88924.8555781514,91797.3798296045,90167.2477190129,89135.425165943,87000.1310275017,73722.7642313589,73836.9213594977,83929.9852890622,83560.9653042459,92117.6980177519,95111.9934692657,87811.7045699212,87981.2553402964,80320.0493867547,78751.5898815572,74517.2290072474,81037.5095811447,81214.1504285702,40552.5602085271,16329.9173064865,41531.2487585829,42681.6985402594,44134.6004320364,44381.3665747726,44828.4104640431,44228.7757733278,0,45764.4487359008,41474.2957750271,0,39179.1151023612,38693.3569284979,37674.0274734863,38810.2950263491,38714.8565924259,36299.0807739112,0,37332.8933275706,37966.392140177,83638.8423965018,0,38197.7893182057,80595.7181088322,47427.1401498504,0,89215.0331415997,32027.4114387948,90501.2880079044,82194.5579759708,0,0,76639.8923496233,0,77680.9698421412,0,18695.9431600523,2019.02852241259,0,23687.4771936322,22861.9188709954,0,0,0,22394.2192767061,24414.5492797839
"112",0,14532.9425082086,5919.0968524813,13336.9169057261,0,2082.46895581206,12208.2322959131,15101.6042421942,13764.6338467957,11098.7558680347,14630.1957946421,0,0,18665.18313678,10046.6922946641,32759.9602448855,0,34208.6060636109,28521.6237654018,0,0,0,69364.8847355174,55140.3714084579,53961.5647765535,57034.823568327,59250.7283797968,69556.1750211016,60494.361267393,53485.9479478232,53360.8037395826,51958.7075977792,65691.0652735287,51462.3303970002,53246.4136885139,46418.174303937,50403.6666025549,60735.7733000862,62230.7041328777,67512.2509274639,0,58725.8936632422,72906.2168461293,73368.9289046226,72559.6692169389,77699.0340004861,72175.9338100098,74647.0842080248,0,74528.5676667332,77355.4529673243,64139.3903871243,58038.3974825428,58787.1594935065,0,55033.1081748801,82427.0721456008,77267.614683241,77807.99623742,87845.7242825598,14496.1705171562,86972.6829133614,82832.2078452225,79766.103046677,95618.9370432413,84506.7553042744,86363.768928509,87020.2279529478,90198.2623126898,86654.1921963526,87143.9323851045,85041.3537485346,82575.1463835811,88579.206640041,88325.8546835812,87542.4401203736,88591.5497859642,0,21681.2029787485,91748.436809783,94892.5329538305,96918.3168551386,96239.5682189708,95339.8407548557,93405.5119156628,78978.5862779224,79475.4195458503,0,87798.9819114027,97424.0401919617,100440.489807819,91959.5207796178,92016.5898063838,84394.7304379033,82593.389197025,78471.4579407866,85814.4711243348,85768.2208817196,35389.2933996053,23773.1735811157,35692.0059688964,35922.5426853099,38294.7344247385,37795.3138178588,37702.1488066436,36726.1508596823,0,37565.5420014426,33444.4367805687,0,30106.0140364142,30578.0586256117,29440.260149636,31294.658854053,31513.8849274854,0,0,30983.3842199909,32307.3469145697,81553.8651762613,0,40958.4255075998,80706.5461918471,48565.3282413392,0,86663.5725084956,37456.0931210862,83975.8198690905,84596.7490031775,0,0,75611.6239155733,0,78622.7358521614,0,21955.7350552602,14646.672205622,0,14647.737095799,0,0,0,0,19313.7449585406,16485.5065452663
"113",0,15662.4428436198,7571.08591963078,14283.1961695527,2082.46895581206,0,14024.9355700999,17184.0608776727,15843.5570048281,13178.5192017394,15735.7102258811,0,0,18501.1771975198,11278.8479640314,33486.5730010411,0,34804.3583913284,29620.182146215,0,0,0,67296.0661585928,53105.4231111364,51979.3283844894,55045.4823462064,57270.0664190355,67495.4824853067,58513.2512386421,51428.9677316897,51289.5115217281,50020.1533639996,63647.7601859806,49475.4483258012,51165.5482842257,44358.2371085268,48330.8078349469,58690.941291288,60188.1305514893,65463.4532383992,0,56652.2810529663,70841.9705519423,71309.444776898,70505.9499489228,75640.9287797446,70138.600252824,72595.6009754126,0,72488.4419674151,75301.9065085486,62139.8050553126,55994.0094376873,56708.9940796959,65990.0210148981,53095.2038132949,84509.5381055183,79348.6848078078,79890.0283527782,89925.7890099758,15621.5656487701,89051.4332268257,84912.4480167916,81847.2257800752,97701.2584110937,86586.8318650884,88443.7510606126,89098.3234915697,92280.312570299,88732.4048703335,89215.9028566988,87116.2633366715,84637.2244111822,90632.5022626762,90408.3192105822,89610.8229134885,90664.6826055403,0,21743.8893197914,93821.7850123274,96959.2206849269,98997.6775335098,98304.262822315,97401.3409644823,95461.487688839,81054.4370637406,81545.461354425,0,89881.4016524116,99501.5708708389,102518.042408683,94041.6857023812,94098.3700845339,86476.9202908668,84674.7666872512,80553.5218110141,87895.5730408254,87850.3105425667,33340.3517759942,23207.3620807343,33623.4896556544,33840.7939146658,36223.6232656194,35714.162790956,35619.9952097749,34646.5030301357,0,35500.3546444714,31371.2831292523,0,28064.913692858,28504.0982101873,27367.716592372,29213.0681678604,29431.4238016845,26899.6003747868,0,28909.6467802001,30248.3486081546,83406.6074413871,0,43039.8800380696,82690.7953236472,50615.5997858336,0,88476.0712042518,39504.6074136958,81895.0556550044,86658.1737842851,0,0,77539.6459999629,0,80643.2788552599,0,24015.3019173243,15773.9246370437,0,16098.813877922,0,0,0,0,21307.9870404397,18074.4136023259
"114",0,7057.18623691347,6523.67957140051,7824.4077945556,12208.2322959131,14024.9355700999,0,7978.34341460705,6458.55530976817,7040.75592421984,7278.72636542203,0,0,17694.5043327772,5570.91650152071,24634.944638327,0,26703.9579009478,18699.1993721444,0,0,0,80586.4222698663,66770.560042626,65870.7184387106,68913.8974685631,71162.1661929357,80905.6182201448,72403.3577271404,64914.7711573266,64575.0498758362,63999.0420894239,77237.1109647761,63355.749626481,64165.8405971065,57831.0493978551,61595.5518388092,72275.4112229544,73788.1849825824,79003.6459560529,0,69873.8196635084,84198.4746764447,84728.6568094555,83991.3580191439,89070.7470575225,83765.0699368995,86100.8521392892,0,86091.8447290932,88782.8883241771,75968.2581394388,69586.5402121002,69806.1344668129,79244.5231048749,67073.9442999668,72296.1891343192,66905.6643298611,67558.8979394262,78071.8260418867,7068.67798777404,77295.0032448839,73065.3631454241,69932.4267991927,85371.6051956755,74041.3591555858,75886.3958450418,76434.7843739544,80200.7386551893,76075.4951518348,76332.0829018139,74329.5805313722,71539.9119694918,77382.1143199176,78201.2070804332,76633.770039254,77811.5929472702,0,18710.1869978361,80968.2565701662,83929.8547005993,86375.4134549548,85231.4093193507,84269.9419466927,82242.7514959549,68319.5676070677,68628.9786071065,0,77711.5510767967,86787.5152174136,89798.8910418423,81933.9555365142,82055.6076550422,74390.7331988876,72719.0588087305,68518.2661246546,75425.1962981574,75499.4184871126,45254.8932620249,24081.9005364849,45930.2991238539,46634.7010023149,48563.3505385518,48441.7022949544,48609.0854153434,47797.5779546522,0,48944.5310979461,44715.8865080471,0,41758.9064350116,41854.8163176194,40753.9023249852,42312.8938858318,42387.1800581919,39875.1468359109,0,41425.03623489,42402.5124678244,76003.5391668607,0,31492.3660947424,73360.5294047186,40306.7874778332,0,81528.5850273442,26415.5306078391,94812.4507590583,75625.5401609947,0,0,69158.3664906747,0,70648.9946701432,0,11680.7131897953,7130.65883221842,0,17408.1674013057,0,0,0,0,14621.0004614545,17627.401223025
"118",0,14992.9981585422,0,15786.25039701,15101.6042421942,17184.0608776727,7978.34341460705,0,1643.3559980657,4058.81019472902,15216.1613826271,0,0,25576.3174641988,13070.6383903442,31418.0219728202,0,33693.378299224,24749.5485495862,0,0,0,84382.3808743,69971.8884473312,68501.2429782324,71606.7747786464,73768.3918166713,84525.2391695366,75011.7441163104,68442.1461878244,68397.2025379129,66262.7749281689,80560.0208225737,66034.446319938,68337.572480067,61395.7960797704,65449.7485657877,75617.562697048,77098.2302333611,82412.1024966367,0,73774.1298853038,87895.3335785046,88329.2957572677,87485.8749393377,92649.4601331339,87004.7204539846,89558.8739787528,0,89372.3330027548,92278.4115186096,78756.0719313341,72920.0236852702,73861.9443408152,0,69321.7159564732,67325.7361613317,62181.64028608,62711.9807828558,72762.5409405526,0,71900.5556333061,67747.8148364528,64674.4906986369,80519.544088835,69430.186905593,71287.9852481133,71962.4192310772,75099.1612750545,71595.3144301415,72143.4666078825,70013.9225506828,67668.4734003299,73749.4810213959,73224.2732589456,72575.0700377716,73579.9334260748,0,26687.8718484558,76734.1403957343,79938.1735274234,81847.7242203146,81302.7546011933,80432.1461051416,78548.5194412236,63943.5032503631,64495.5496080346,0,72697.4761807168,82370.3882375276,85386.3463087892,76859.5901978292,76919.492907191,69294.6574210435,67499.6162983472,63372.3424495226,70727.7764776712,70671.4582463984,50336.863288596,31936.4822684624,50730.9031869023,51021.6072774836,53344.4054374024,52891.7615858554,52801.4684763925,51812.0205647686,0,52577.6049758452,48498.8077789762,0,45013.9695629555,45637.8453336109,44494.1116561701,46391.1354142505,46615.4838666218,0,0,46048.4829261387,47305.6867738317,68483.7418772515,0,25866.4173982783,66476.6208985069,33801.0612062017,0,73914.1888154206,22802.6352545761,99065.2424256095,69675.6693383254,0,0,61904.2160231582,0,64072.3822298883,0,7439.12860299544,15058.9335320329,0,0,0,0,0,0,6664.87975512644,11481.8217277368
"120",0,13508.9152978012,0,14226.6164349636,13764.6338467957,15843.5570048281,6458.55530976817,1643.3559980657,0,3039.40831756494,13731.2196215365,0,0,23975.1401516486,11442.4884341042,30336.3430986571,0,32559.7570189473,23826.089719972,0,0,0,83115.0422210571,68785.5048146866,67403.4025651708,70501.4351088851,72678.6257628763,83284.0988819806,73922.5264121973,67205.3384695808,67117.1201070182,65222.6669847998,79361.7570539851,64926.7205920575,67007.8581145031,60147.7423512628,64162.9421631374,74413.4776427201,75899.9487542646,81201.7664914914,0,72486.1598032285,86644.1906242598,87092.7125346291,86264.9191987567,91417.9583995679,85822.5741183871,88344.3725464492,0,88184.9673736534,91059.3477266299,77640.5034768846,71715.521573915,72551.7917691092,0,68287.0309750992,68693.067671392,63508.4151846589,64058.0141555943,74181.9123154565,0,73331.6921875565,69166.3140937123,66082.949180158,81874.8695596502,70743.754983045,72600.5529939328,73255.6662029863,76489.3976324999,72889.5940274632,73391.7432677142,71281.3108150333,68862.2495624051,74907.5611446566,74595.3376125827,73802.6144592634,74835.901560636,0,25156.3770960545,77992.124478972,81158.7358601883,83154.1215524357,82513.7327459786,81627.8634040621,79719.6031263335,65216.7035216393,65730.0378267071,0,74073.8329997931,83659.7980881626,86676.226337703,78246.5149839097,78315.4588570287,70681.6265793173,68903.8277446124,64763.7192546278,72055.3559888151,72018.9565127356,48876.1943034448,30326.3139906969,49304.6436023855,49648.5245889862,51922.9410943283,51512.2923311349,51456.2514499286,50490.0565832408,0,51310.387321881,47204.9671949688,0,43790.8018839385,44339.8023631379,43200.2291461161,45053.5837138984,45258.1138417133,0,0,44639.2956971791,45863.4715206582,70127.0071091864,0,27286.3682693342,68084.5512152619,35357.8689526673,0,75556.8177423915,23855.6741161417,97737.417401462,71180.9915604328,0,0,63538.5106302486,0,65650.0759957022,0,8347.94113249587,13579.4274339494,0,0,0,0,0,0,8170.25954357345,12116.3573127933
"121",0,13840.9830867377,8228.35771193536,14148.1787033454,11098.7558680347,13178.5192017394,7040.75592421984,4058.81019472902,3039.40831756494,0,14052.943321113,0,0,23449.5833271752,10858.7839025878,31647.5488566268,0,33740.712078138,25500.475421405,0,0,0,80328.1998114522,65914.4882033817,64463.8902116243,67566.9859361347,69734.1231217722,80467.4700175309,70977.7189385518,64384.1674473224,64346.2137952117,62249.5544697419,76501.7737281124,61993.6852812895,64304.5863107184,57339.0602569745,61400.661193133,71558.9945260906,73039.961667402,78353.3609931732,0,69725.0397671386,83838.5842024663,84271.1468288622,83427.0903710719,88590.9918710555,82947.9399780339,85500.0769162186,0,85315.0159467832,88219.6056910953,74713.2461094511,68861.4274356036,69820.1803652583,79038.7336237621,65311.3135454949,71349.3433727728,66224.483570266,66746.9044881174,76747.2737627214,13842.4421825031,75874.0813022293,71733.9379549302,68669.706396222,84548.8468334873,73477.1093255062,75335.1424326636,76014.6527733049,79107.3784112681,75647.3249183794,76201.8456940982,74070.6451658999,71724.8670660525,77799.8653769692,77245.2381453302,76633.8443073663,77637.7776677795,0,25071.2456999514,80791.7818959389,83996.7885760651,85896.3629575255,85360.8910324591,84488.9181375027,82601.6166546451,67999.5700509003,68554.3571401326,0,76715.2257511098,86423.2217153202,89439.0221388097,80870.009201651,80923.3431134433,73305.6829494854,71497.9577582606,67380.8793657864,74769.8730992244,74705.1731078463,46428.4677580157,29676.8198127643,46777.0846715129,47017.4755554821,49384.3643819171,48892.1831624713,48778.3914321134,47776.9388186059,0,48524.3519399274,44452.9956575954,0,40955.4517784389,41593.7824221077,40448.7491649548,42364.7792503818,42601.1545002647,40070.5628287363,0,42077.7118556413,43372.7912517134,71585.6492711468,0,29863.8938469006,70028.1356338956,37577.2893313344,0,76905.5406243365,26810.4612802311,95029.8794456419,73547.9290029854,0,0,65241.194979955,0,67761.2972680252,0,11343.1975316572,13929.5208275781,0,10480.388193486,0,0,0,0,8999.79926766072,10586.673996164
"123",0,223.485456160633,9187.61104380144,1873.50604809682,14630.1957946421,15735.7102258811,7278.72636542203,15216.1613826271,13731.2196215365,14052.943321113,0,0,0,11078.4913689314,4625.9001408478,18522.7870341148,0,20293.6842769207,0,0,0,0,78699.2329414736,65624.9651694903,65307.3479242631,68253.127253758,70562.3467676281,79198.0643151346,71788.5227710901,63457.0742339288,62813.8786879188,63818.2557507894,75862.6944489853,62776.9642299344,62037.9394599095,56431.0627411715,59838.0215537996,70927.3078095971,72458.1100104759,77527.3255232021,0,67972.0093257896,82387.1552827557,83012.4507924718,82388.9037082828,87347.9412943422,82422.711368017,84520.7129787354,0,84691.6138377133,87146.7365520092,75141.7864527209,68274.906409765,67740.7897234916,77315.012755794,66869.9585222063,76469.1329649631,70899.4472242802,71656.4299150028,82515.5426660746,211.262897162465,81820.3504231858,77545.4042814068,74379.057002796,89360.4343344737,77880.0107106027,79700.9255850302,80132.2479059916,84444.0633557173,79782.4313376784,79775.2240097022,77901.2158771384,74736.4550199534,80318.0628730588,82342.7132020157,79958.0411985482,81283.1062416907,0,11533.5488427258,84421.2289402524,87145.0742869184,90063.3053647456,88381.6226518545,87343.729700882,85199.7665253442,71992.7067345229,72083.9484801256,0,81889.549361678,90372.5321913613,93364.0764773716,86143.2711705274,86320.5836393048,78662.9330194395,77112.8886775794,72874.6572498112,79331.8562598649,79523.060166703,42403.9650587974,17424.2513700541,43394.1851052522,44553.7842945142,45995.6367367895,46251.7005406326,46701.6582593406,46102.0499554034,0,47633.4527905449,43343.4631482914,0,41027.043969535,40560.061821096,39538.3347842461,40682.6050394104,40588.2507652025,38171.70314733,0,39204.0940414935,39829.5400274463,82560.8672629894,0,36750.5396676749,79283.8093751241,46095.8973116023,0,88183.1213337863,30374.9776873075,92357.9757001235,80666.5651442539,0,0,75454.9734066361,0,76291.3495329685,0,17447.2981064885,189.776722248983,0,23984.9507605541,23793.5670272154,0,0,0,21877.2042465443,24527.4408317389
"145",0,0,5313.9385655172,0,0,0,0,0,0,0,0,0,0,0,0,0,11848.1991664903,0,0,0,16464.8041144991,0,0,0,0,0,0,0,0,0,0,0,0,0,0,0,0,0,0,0,69928.2888674816,0,0,0,0,0,0,0,22625.8839147393,0,0,0,0,0,78072.4464493088,0,0,0,0,0,7101.36700749158,0,0,0,0,0,0,0,0,0,0,0,0,0,0,0,0,0,0,0,0,0,0,0,0,0,0,78952.8470828637,0,0,0,0,0,0,0,0,0,0,0,0,0,0,0,0,0,0,0,0,0,41406.0263107344,0,0,0,0,0,38707.9840625547,0,0,0,0,0,0,0,0,0,0,0,0,0,0,0,0,0,0,0,0,0,0,16894.02561286,18037.1291604721,16950.7654273531,18155.4495455723,0,0,0
"150",0,0,0,0,0,0,0,0,0,0,0,0,0,0,0,0,0,0,0,0,0,0,0,0,0,0,0,0,0,0,0,0,0,0,0,0,0,0,0,0,0,0,0,0,0,0,0,0,0,0,0,0,0,0,0,0,0,0,0,0,0,0,0,0,0,0,0,0,0,0,0,0,0,0,0,0,0,0,0,0,0,0,0,0,0,0,0,0,0,0,0,0,0,0,0,0,0,0,0,0,0,0,0,0,0,0,0,0,0,0,0,0,0,0,0,0,0,0,0,0,0,0,0,0,0,0,0,0,0,48675.6890747817,109300.730928065,0,83840.526830783,0,0,0,0,0,0,0,0,0,0,0,0
"156",0,11282.8071097296,15966.0321389106,9934.55735238685,18665.18313678,18501.1771975198,17694.5043327772,25576.3174641988,23975.1401516486,23449.5833271752,11078.4913689314,0,0,0,12619.1450848275,18070.4145969987,0,18446.4549874509,17901.4655366852,0,0,0,71438.7812007626,59530.5061273441,60024.3447613143,62776.2969903248,65128.6706739146,72160.4095729606,66313.0599135468,56982.1580281504,55946.9256640783,59109.9006889873,69298.8011040761,57526.8770933461,54706.2971954219,50191.222334703,53035.2367396272,64469.1770706482,66000.7402297275,70808.3959490612,0,60833.4117507992,75183.1234662878,75922.4851371275,75450.6906672779,80207.5343960899,75820.8395139638,77588.9262333987,0,77989.9238846095,80117.8987516084,69322.6029825103,61908.5148087183,60395.7476073377,70016.7762621805,62062.92844533,86892.3154231082,81236.1560279863,82051.3047493334,93073.7824065899,11246.5164185862,92422.8331945058,88133.6293461197,84957.5536153867,99638.0792556496,88096.3308049791,89895.6351591773,90249.024407441,94886.902108063,89906.7169513998,89719.654635687,87941.9084641973,84527.0198505405,89884.1480645525,92731.3890265748,89817.092880204,91241.4974970705,0,3821.43322005721,94354.7859669756,96894.9411956208,100141.861367058,98077.6219914041,96985.2418146201,94759.5079016167,82125.2824696731,82070.3993399662,0,92300.8199159699,100379.237211718,103348.010851663,96562.441751129,96771.5894587896,89136.3984525103,87656.809306231,83409.6872351108,89586.2683746724,89849.0383257155,34628.0310589582,6395.83725497469,36007.4515172048,37749.178631927,38474.9543886551,39233.9387758709,40057.2851473602,39775.7865038119,0,41791.3982138134,37593.7151295524,0,36331.6907228738,35063.2266023553,34215.2568599649,34691.6964573261,34359.1751449142,32214.0225195879,0,32441.8540680868,32540.4881960252,93566.9348910339,0,47744.3995473911,90353.8528063726,57163.020533795,0,99149.3040834469,40985.8381995165,84285.6424833198,91506.9875396683,0,0,86521.1503591765,0,87319.7512204731,0,28521.5153837858,11267.0075303846,0,31911.7566244486,0,0,0,0,32089.3670149119,33067.3049595439
"163",0,4509.37311467596,0,3712.13301356023,10046.6922946641,11278.8479640314,5570.91650152071,13070.6383903442,11442.4884341042,10858.7839025878,4625.9001408478,0,0,12619.1450848275,0,23076.0393935089,0,24752.0360291411,18480.5665592587,0,0,0,75974.9353317111,62499.7986277022,61908.8108212722,64902.7191546229,67187.5113287487,76377.0940738414,68422.0078417716,60485.6939238993,60001.6854628246,60252.0415643383,72864.8119751679,59381.3311652424,59428.2254441647,53417.8038512204,57019.0803360082,67910.3188367341,69433.8824808262,74583.3640888799,0,65243.7718666575,79624.9428586488,80199.6432517459,79515.3013312772,84542.3113885073,79415.1967006443,81637.3073181706,0,81715.4906283072,84294.9540231834,71876.2853537254,0,65103.4299446138,0,63318.0631783554,77616.5467474319,72170.8674571618,72854.8085174389,83465.3009275099,0,82707.3484673638,78465.0322643126,75322.3214022585,90647.1694589988,79264.8803708235,81103.6864040335,81615.1872279294,85544.585458414,81258.710339771,81426.9042485972,79466.8525123001,76541.9930920616,82290.0799029764,83516.4186073861,81686.8187914596,82917.3566560305,0,14289.5228762556,86069.8390158511,88948.6808351985,91558.9239290279,90227.0966202699,89236.28224105,87162.8172152968,73485.6224663279,73721.3704497534,0,83036.5237363021,91937.5400280393,94943.9651240447,87269.6026841508,87406.0573792321,79739.0721051475,78097.569889344,73884.8188366589,80670.544065087,80779.5623831616,0,18918.0799933027,40987.9781760679,41880.9352730034,43615.6796075329,43646.4410007512,43936.8917061574,43219.6128154541,0,44554.4629464,40282.7585147922,0,37646.4473716898,37449.9006503493,36384.2947730283,37747.6805095974,37744.4390718423,0,0,36595.2023176835,37435.3450283185,81450.0242087485,0,37008.8347288351,78927.2598031681,45877.1177673361,0,86932.3318691457,31586.4156315374,89968.2536362286,81137.1966198377,0,0,74680.7301839071,0,76218.021648546,0,17214.9550298253,4623.78429225351,0,0,0,0,0,0,19492.5108757266,20869.6468142291
"169",0,18678.6601403772,27673.6615343771,19488.7310464367,32759.9602448855,33486.5730010411,24634.944638327,31418.0219728202,30336.3430986571,31647.5488566268,18522.7870341148,0,0,18070.4145969987,23076.0393935089,0,0,2633.30039778935,7384.95185526402,0,12396.5790197397,0,88424.6330882621,77208.4347596605,77940.2909557368,80635.6791380901,82991.2228396619,89289.3038620998,84160.4872242923,74520.2270435819,73300.4495348795,77127.6331279039,86714.8113160105,75458.2102541714,71794.9505940159,67875.7033009801,70448.7798933234,81965.2648187298,83488.028590535,88133.920958675,79472.5592481507,77985.4456389557,92181.8740224509,92993.2994353801,92621.0285537018,97218.5034811676,93181.6637011772,94750.7627348439,0,95285.1567173781,97203.7744931214,87053.2246341134,79461.8825523434,77416.3873041175,86986.8794879052,80061.3763632112,78262.2350090645,72397.5611546915,73422.9322986946,84909.1154437336,18701.2740045302,84485.0566058328,80217.2468563143,77068.172855235,90187.5150009484,78644.2683143977,80328.7072280053,80408.0871380459,86172.5936577471,80097.9744512163,79341.9804384834,77901.0011512697,73812.8987673841,78458.5759764222,83835.3245390435,79184.6588429781,80875.7144808878,0,14362.6398406021,83854.9987971594,85825.5377264005,89994.6442533683,86843.7068266107,85626.0653618532,83229.1374460942,72523.1360573171,71994.9839333988,84458.2366587614,83505.38948348,90000.0582498903,92852.6673638695,87718.1831390439,88056.9467828772,80670.0211793327,79540.1086818001,75353.4428187288,80239.5641889021,80765.0141699745,51746.5828079073,19826.639607742,53335.2341153889,55335.5520697026,55676.8398611997,56701.2934050493,57680.8054032066,57520.753180797,0,59662.338739827,55516.6269723308,0,54394.7217582584,53050.305343113,52231.7032331905,52583.1233036383,52191.5149804889,50136.090921669,0,50123.7599012752,49988.8510850729,92408.437515552,0,44397.0667874333,86659.0246127825,54458.4138217261,0,98377.6420536283,35674.3194272681,100489.11832048,84984.3352999563,0,0,84360.6089773369,0,82749.7493125547,0,29804.571077134,18566.9635822261,0,42036.0116358297,42299.9836965036,0,0,0,37703.2475471824,42207.1804503324
"17",0,0,0,0,0,0,0,0,0,0,0,11848.1991664903,0,0,0,0,0,0,0,0,25802.3839527238,77450.5490944013,0,0,0,0,0,0,0,0,0,0,0,0,0,0,0,0,0,0,73170.8488575487,0,0,0,0,0,0,0,33776.7784987804,0,0,0,0,0,0,0,0,0,0,0,0,0,0,0,0,0,0,0,0,0,0,0,0,0,0,0,0,0,0,0,0,0,0,0,0,0,0,74109.3490540853,0,0,0,0,0,0,0,0,0,0,0,0,0,0,0,0,0,0,0,0,0,44406.3449861963,0,0,0,0,0,0,0,0,0,0,0,0,0,0,0,0,0,0,0,0,0,0,0,0,0,0,0,0,0,13425.2284248588,15351.975681139,6618.48981367085,0,0,0
"171",0,20464.7365101228,29342.0791779799,21091.1849820016,34208.6060636109,34804.3583913284,26703.9579009478,33693.378299224,32559.7570189473,33740.712078138,20293.6842769207,0,0,18446.4549874509,24752.0360291411,2633.30039778935,0,0,9994.16010622782,0,0,0,87835.9302774839,76959.9864462753,77870.8928105038,80511.8727753825,82867.4486499055,88754.9947286001,84022.7494972364,74196.8383804413,72889.5868912168,77184.7835363429,86310.646898244,75407.1730427291,71277.1138687588,67647.45359691,70071.5568092115,81607.849297554,83123.8618452555,87685.3717029499,0,77479.4225841696,91592.4605574555,92430.6045040604,92099.0447038237,96627.004294329,92742.8006195416,94222.4804757663,0,94813.6749244846,96641.5724552161,86825.7408386682,79138.3987773375,76860.3624340724,86394.5667335744,80086.0081151036,80618.2941662179,74747.0944416477,75787.0024870812,87290.6417944797,20482.548597778,86883.1893096465,82622.4330794856,79479.6359740306,92458.0281505598,80931.5544809627,82602.9387329147,82656.7722467953,88510.7856572604,82350.2149713108,81539.3299442644,80134.7103540611,75985.0958728787,80539.6996590206,86162.0461461253,81355.4275043862,83071.6537137039,0,14638.4072416294,86032.0273586301,87936.2609504408,92198.9738190725,88933.470273686,87702.6926006151,85288.6931836868,74807.93739479,74236.512208967,0,85840.7204814659,92180.5860594597,95017.0465320761,90043.9017812905,90392.6810033056,83034.9979404401,81932.2818681203,77756.0474871008,82533.5545006417,83080.6817333295,51306.7147572588,19331.4139737756,52970.6262972776,55084.0665256962,55251.8125510445,56386.2781595995,57441.9286612541,57354.1384560259,0,59581.4168495884,55490.6061690698,0,54584.8049736681,53098.349898697,52321.5684846728,52536.4955135783,52099.7306605792,50123.2247463267,0,49942.7329158854,49690.9276054641,95039.8676287389,0,47025.8636126766,89252.7243980482,57087.3483187451,0,101010.293137118,38285.6044735832,99628.051953995,87468.4525001174,0,0,86984.5842210206,0,85319.9650698758,0,32322.0792477493,20356.0650980461,0,44058.5642410066,0,0,0,0,40053.0814174296,44322.8162043286
"180",0,13990.4051465144,22913.4395208679,15368.7714119287,28521.6237654018,29620.182146215,18699.1993721444,24749.5485495862,23826.089719972,25500.475421405,0,0,0,17901.4655366852,18480.5665592587,7384.95185526402,0,9994.16010622782,0,0,0,0,89336.0048631678,77220.9744728102,77445.7762665833,80277.8823360683,82620.295454171,90042.9073246794,83822.540717808,74760.5877603964,73794.9336714414,76283.5092447704,87113.2035513781,74927.8484301479,72600.7645628485,67897.3334758368,70868.899800152,82256.5089895424,83790.1012327172,88650.6842727094,0,78718.0093597334,93078.6726977701,93811.0520467294,93325.183041765,98100.9714807086,93648.6214795049,95463.9241839289,0,95835.5786798873,98003.2973009279,86952.6952803039,79671.793984609,78293.3185177186,87915.182113135,79290.775506087,72416.756273849,66592.9607212423,67556.3528490268,78946.9814616515,14028.0888434271,78455.572970696,74166.1401353909,70996.8839053079,84653.2621959715,73071.1247975839,74802.0822102985,74979.7387984789,80382.4059014216,74656.7938719858,74111.6425643249,72536.879535828,68694.9901279668,73660.9056866346,78095.2209937494,74054.4558353036,75646.2832470516,0,14986.0814148008,78688.1178126892,80897.286856488,84711.0236845836,81988.6635257399,80821.9110858921,78493.7133408265,66976.9088419563,66619.1703999841,0,77731.8213316668,84804.9649288655,87710.7792924066,81974.3902259439,82272.9942266106,74783.2485986574,73544.2942808659,69322.8738975895,74636.2393851043,75075.2772413087,52528.6256479629,21818.9616016902,53886.3189415932,55545.4583670236,56368.1518937267,57073.0300896582,57828.3417976234,57467.6218074718,0,59345.8710349741,55092.6458288563,0,53377.7981122846,52449.6096104635,51524.5521445358,52254.2244406879,51994.4700370754,49746.9828283012,0,50205.7946384798,50399.5092838808,85176.7829393456,0,37220.8483009379,79718.6027988699,47272.6470223503,0,91121.7713746515,28680.0694353486,102126.636644363,78586.8344252887,0,0,77213.2757189439,0,75942.1730680841,0,22533.6032789888,13877.0020192562,0,35980.5837021614,37287.3792019534,0,0,0,30798.6812336199,35895.0989452409
"186",0,0,0,0,0,0,0,0,0,0,0,0,0,0,0,0,0,0,0,0,0,89000.1220975131,0,0,0,0,0,0,0,0,0,0,0,0,0,0,0,0,0,0,0,0,0,0,0,0,0,0,0,0,0,0,0,0,0,0,0,0,0,0,0,0,0,0,0,0,0,0,0,0,0,0,0,0,0,0,0,0,0,0,0,0,0,0,0,0,0,0,0,0,0,0,0,0,0,0,0,0,0,0,0,0,0,0,0,0,0,0,0,0,0,0,0,0,0,0,52792.5047960405,0,0,0,0,0,0,0,0,0,0,0,0,0,0,0,0,0,0,0,0,0,0,0,0,0,0,0,0
"188",0,0,20720.1600410847,0,0,0,0,0,0,0,0,16464.8041144991,0,0,0,12396.5790197397,25802.3839527238,0,0,0,0,0,0,0,0,0,0,0,0,0,0,0,0,0,0,0,0,0,0,0,81121.5085674258,0,0,0,0,99151.4901319799,0,0,10381.3041274107,0,0,0,80345.8956004878,0,89031.1539894942,0,0,0,0,0,12598.6882262641,0,0,0,0,0,0,0,0,0,0,0,0,70541.4565076473,0,0,0,0,0,0,0,0,0,0,0,0,0,74593.3284446786,0,0,0,0,0,0,0,0,0,0,53774.883236166,0,0,0,0,0,58605.0072533771,0,0,0,0,53909.1225550521,0,0,0,0,0,50249.056766587,0,0,0,0,0,0,0,0,0,0,0,0,0,0,0,0,0,0,0,0,0,0,32290.0253983991,34499.9445819177,33228.9891978189,32381.9767235729,0,0,0
"194",0,0,0,0,0,0,0,0,0,0,0,0,0,0,0,0,77450.5490944013,0,0,89000.1220975131,0,0,0,0,0,0,0,0,0,0,0,0,0,0,0,0,0,0,0,0,0,0,0,0,0,0,0,0,0,0,0,0,0,0,0,0,0,0,0,0,0,0,0,0,0,0,0,0,0,0,0,0,0,0,0,0,0,0,0,0,0,0,0,0,0,0,0,0,0,0,0,0,0,0,0,0,0,0,0,0,0,0,0,0,0,0,0,0,0,0,0,0,0,0,0,0,36221.7308290684,0,0,0,0,0,0,0,0,0,0,0,0,0,0,0,0,0,0,0,0,0,0,0,0,77345.9380680072,0,0,0
"195",0,78775.6970023214,74188.681539045,76827.5420509069,69364.8847355174,67296.0661585928,80586.4222698663,84382.3808743,83115.0422210571,80328.1998114522,78699.2329414736,0,0,71438.7812007626,75974.9353317111,88424.6330882621,0,87835.9302774839,89336.0048631678,0,0,0,0,15440.6542692584,19386.8056609491,16810.2761773927,16098.1393680213,2074.19806419376,15423.9942099614,16071.4501543265,16018.6280259169,23103.0066455995,6437.35583016681,21037.9429996492,16739.7132567692,23014.3588327188,18993.5218358875,9884.88700076843,0,4783.31026918259,0,10733.0996853113,3757.35030891184,4672.56983154977,4833.48282815697,8793.89642252662,7136.38000904545,6708.29206912326,0,8073.60691986271,8844.7448530407,12212.5437876937,12291.3597295659,11043.1025834739,0,21265.9051229706,151559.481511719,146527.81573187,147017.447061305,156705.685021411,78723.1558053818,155758.367263367,151716.048037248,148717.897251781,164779.631867547,153792.874512423,155651.41489335,156342.042971295,159215.863550292,155974.468670845,156506.40080681,154392.758458883,151924.208581236,157881.561734419,157434.2510801,156906.856800604,157950.812553753,0,74610.4086907061,161106.814900739,164254.67584126,166216.124693874,165596.930765087,164685.760595909,162723.364108005,148324.51231028,148840.22182245,0,156885.921544048,166751.0834433,169766.74068533,160989.823146875,161000.419781776,153440.938805934,151558.725700729,147511.703359994,155068.119898435,154965.442966166,36815.7472611033,68600.8185565749,35481.3568591302,0,32970.2838150401,32457.7731641342,32040.1219075074,32789.6610994721,0,31805.7168509735,35934.9568913856,0,39427.9703629602,38804.6463960547,39933.5388951204,38274.4259291693,0,0,0,39496.0835441885,39010.7415664004,144382.112307712,0,110053.360256096,146713.991633866,116709.557938412,0,148362.086698632,106756.3033977,15633.1704147938,152706.123356908,0,0,140377.767797838,0,145599.448304529,0,91305.5812757442,78846.2488317529,0,0,0,0,0,0,87355.1066764076,81135.7697737829
"197",0,65677.0349081201,0,63756.300352547,55140.3714084579,53105.4231111364,66770.560042626,69971.8884473312,68785.5048146866,65914.4882033817,65624.9651694903,0,0,59530.5061273441,62499.7986277022,77208.4347596605,0,76959.9864462753,77220.9744728102,0,0,0,15440.6542692584,0,5342.2014325557,5115.1479748614,6969.59268883623,15008.1258736658,7786.9001418703,3482.66102102037,6139.45010670441,8955.92246924216,10611.3799410166,5959.17701230947,9473.63304161625,9340.76730534969,7727.81241771108,5749.58148631431,7161.73439426207,12531.7493673428,0,7677.89941437473,18466.743792918,18669.0785124596,17660.8693318902,22885.9876552403,17037.8451508167,19672.1366849468,0,19400.5807577798,22411.9088161157,0,3151.82656426943,9114.04648546408,0,8685.39619113391,136851.558799763,131927.626486614,132370.997241361,141855.024599848,0,140880.828445053,136882.352004025,133917.970623263,150074.719024727,139212.40150551,141070.759561777,141808.859471885,144432.472865363,141439.100729783,142086.133172842,139925.778215581,137638.660487541,143691.76010016,142703.592152262,142538.907361745,143510.515223379,0,62984.4973736335,146659.900004794,149905.56157614,151638.027842674,151273.744429568,150403.144111216,148505.02449842,133848.031599815,134455.417496104,0,142143.169546689,152217.627671894,155229.392856298,146210.732577188,146198.075066802,138680.136886365,136760.625182043,132756.435372478,140450.971355785,140298.972160785,25977.3218734886,57654.9319797836,24104.5033000897,21878.9484534561,22071.4613446124,20612.9180733609,19528.1399088247,19759.7573001486,0,17992.2476511021,22282.6762322578,0,25044.2961353716,25073.0293348118,26119.9424819599,25011.5020232138,25228.6857552703,0,0,27103.9956017147,27275.5455117142,128950.694564371,0,95411.5661203344,131407.679368104,101750.334901224,0,132921.435636558,92589.9167655387,31064.8566803837,137651.452480891,0,0,125007.038797415,0,130385.004428629,0,77072.6233852982,65757.3627783446,0,0,0,0,0,0,72558.7024951531,66073.180630635
