"","1","10","104","108","11","111","112","113","114","115","118","120","121","122","123","145","150","156","160","163","169","17","171","180","186","188","194","195","197","198","201","205","206","207","209","214","219","220","221","231","232","234","249","251","252","257","259","261","263","265","266","268","269","27","273","277","283","285","287","295","303","304","306","307","31","312","323","324","326","327","328","329","33","331","334","336","337","339","340","344","346","348","352","353","355","358","359","36","360","361","362","363","364","366","367","373","374","375","377","378","380","381","382","384","385","387","388","391","392","393","394","395","398","399","400","401","404","406","408","41","419","42","421","422","47","53","56","57","6","61","67","70","72","73","74","78","79","82","89","90","91","95","96"
"1",0,661846.915297975,1620051.43498888,1346448.83819965,674882.953215531,1856636.0582894,1838462.51957285,1873885.14102006,1275421.81072629,1807280.59045085,1998208.39333876,1871971.23501056,1878875.12604632,662701.946065573,646765.330563215,1166164.43821783,301714.706034303,696535.894587746,680483.368432522,1035463.05935863,1046829.71420363,2065111.65548058,1182176.42679977,884115.982439182,1060953.87327701,952254.121848698,1833299.63731069,6686262.61764357,5934009.80303721,5836342.24959269,5989386.67402049,6378075.04237294,6951816.897972,6557273.90467712,5748570.39330427,5670243.21382305,5714279.27670641,6648237.84928851,5313777.06254169,5473430.36775381,5056816.31445538,5366644.32359811,6055314.61209788,6279855.00597236,6938642.62110198,5677090.78935593,5877690.65701342,7325319.79942216,7405710.52032806,6987223.86603695,6281574.75946038,7304939.8128506,5724985.15965511,794657.699302842,7462465.2336488,7793943.66930472,6849572.484811,5865867.49945813,5979455.78563211,6488841.01468564,5965775.07108395,3851602.25507619,7143585.04247139,6529504.80329875,642626.426788757,6841738.35211594,6825083.87663344,6997410.07117772,7313347.40218945,7216468.01472588,7297052.03041047,5387162.91467952,519225.574594558,7830042.26130122,8095772.94087518,7770546.2696782,6664836.64675061,6976347.29289047,7643052.20645901,8260389.61027037,8524178.96217786,8583234.55551596,7142460.44824671,6740494.64774445,7287393.21902198,3941732.45596277,3874709.94547578,1142954.80719215,3863364.67746975,3867236.38025854,4034223.79258293,4070093.80672283,4166206.81687682,3936625.96815134,3498525.0151378,3992089.70572214,3259337.75672744,3751997.91171327,3864241.39591232,3736449.11514789,3657841.65740387,3718311.20261101,3519364.75120743,3455897.34825457,2806653.88855196,3598087.67768182,3597405.04437746,7966112.40172302,4602082.63769314,3745010.94885333,7450574.8537183,4621392.57559768,25.718568834171,8482684.66634824,3078369.88689815,4196805.83871284,8089399.14979545,7635311.25825009,3970971.53950348,1473957.20261743,7298754.58725494,638836.125996088,4132549.42404681,7304328.88483347,651223.174811549,946570.108694294,1852376.12436178,2102315.17824675,663311.26859945,1786860.91929572,2214199.50765276,681791.100293405,1001588.91981439,651892.069619818,2626239.86186157,2512420.07403694,2248663.09853747,2597120.28009485,2692846.12974596,2603664.09119231,2616943.91243264,2843323.33180638,2781000.38806355
"10",661846.915297975,0,46970.0891045156,22812.6611752472,156.172856404676,54373.5670098774,31391.1558177306,19421.4291260885,5363.46154005424,18180.2062960092,39924.431469079,35528.4472332172,12733.7044397987,318.88539181396,89.3941824642532,52672.9937663394,298610.320965733,19325.8031169435,448.544724007457,15692.5884639524,9712.90327299614,166076.391279371,24361.2223416502,5596.16205860576,250940.667238936,69278.4340049488,4595761.99628408,167012.355214622,130033.961414587,11754.9472332847,76492.5615556482,104478.807851111,38041.2647179162,178119.762749817,157518.990894074,162235.01656754,14051.2885718267,9118.38448069591,283912.785236614,67082.6517276386,61002.5364763445,112620.467626873,178892.831731455,88477.8408546434,145863.701230372,376013.682674644,55805.7528587639,146773.632394392,164490.128592957,207800.288285604,1321804.20006668,80825.1778708922,1642717.43915724,99907.436893114,49148.8362331319,190123.231803258,201489.844017883,144871.697781667,80022.2436682209,241472.639258312,21412.5931512139,3425988.44354726,235491.621209652,120976.666136849,132.403829572752,93651.6756045686,160393.732164256,114686.13884783,198242.233431798,94184.2300461738,48841.3663749255,2039905.41585791,26484.6855894884,100405.960424729,261837.40592531,228846.071130531,189672.56564514,420975.626402729,268075.437330622,215465.237412444,274690.270717076,281164.811354049,161433.848097679,128265.102224884,135715.070826193,119115.174940695,102632.448010733,35971.9141855366,77400.4677880979,93349.7132539779,106213.348800484,68203.6996817097,105630.475964011,183353.170623317,579390.800079574,100246.258314562,739178.736923423,83094.2674395718,110035.173102082,72285.2005021339,15478.1403223182,96751.2893017758,90990.4057926956,93647.4222979335,542554.540977908,130147.762828442,118684.058347612,286568.489063201,6678556.36554799,127233.918526031,133651.813349129,159712.533385127,10973092.9210431,306127.34583942,105142.592052843,166321.345904774,115566.001587523,280097.056051777,145697.930966925,14678.9159018968,261858.430353511,183.353855410555,2791855.1751785,264820.014988957,89.7715754177433,4462.64615545319,2764846.28800988,55859.028370224,140.784251549447,42441.2264790138,895711.627820751,148.431347548736,1919372.54255595,197.267705604174,67085.9303854826,102160.43424633,134813.788046885,190829.216606729,859167.244816028,66586.6834137356,2727.51126993127,40265.4651575246,11674.5612263572
"104",1620051.43498888,46970.0891045156,0,46553.3423297231,40081.4908012232,0.0146863064222436,7263.30016802296,10083.1372053106,38095.7615975262,41222.6312345654,15565.7612619358,14893.7081386922,39253.914955956,24764.4522400937,41614.7353073252,139997.245894912,525592.760824301,25159.6053383438,13334.2553361335,0.0477419980536714,120648.815846335,239041.982127214,71595.0463211799,83245.94580854,572000.962911308,234428.330340467,4042615.98564796,372890.480229785,79344.4723697122,172324.614897469,254018.360672313,115004.570245556,200773.660930176,58740.6815031959,50964.6687503409,45525.6264056982,187045.395128945,227922.885212947,397538.899934869,120395.929905348,105315.600405102,76161.6927911714,350108.81074977,281389.438230289,104096.198603208,508266.129765156,240248.98607875,119355.484657398,106132.471570472,420153.843600716,1396661.35599197,174632.642170951,1651984.90535708,269362.58839801,209285.763001647,97263.5745522481,49775.7420223875,311744.90008177,128346.16657776,430603.050343182,203749.866128623,4164096.30369685,33880.8683652844,142789.747321719,80693.5008495383,185143.257009505,113737.552588772,448676.774711955,90942.898983883,208343.504699783,263996.92723517,2622717.58380765,21665.3216320001,227703.214922653,50899.3182477541,76035.0912906122,69049.6218517767,787274.331670636,18282.9308173839,109934.723954916,53111.4803133173,48105.72580902,119245.334428366,140901.278135945,157957.313411943,23914.7014238892,34614.1963809436,26959.2278631637,54437.3152792198,42381.9508987419,35906.5701507443,69310.4341433396,41350.4844800635,256069.173859799,541766.876334426,35976.7360388025,637578.324811008,45580.9315272179,22380.5794767308,47424.3620224338,87770.0927888839,31221.9859855863,28459.0338071577,25681.134605161,460758.799267694,5646.58883327582,14199.312404903,0.685061077893629,7741036.81415609,0.301568848532383,152788.490243052,9.51252712962886,12423791.9050303,0.586512114321243,0.487605187109944,7.88170220082957,180239.352263184,0.574750855404699,0.526773133916334,34039.4350792665,0.770616603679734,61169.8268765314,3228282.78510009,0.494959236280355,40934.9668544866,40706.2721135929,4480541.87390661,6036.49444719492,30594.5859922786,19848.072569086,939756.028074639,28278.9730403212,1425294.36210209,74002.0559784083,126921.707529075,119047.852495917,112255.921906736,258311.534386796,1009666.92853351,9755.86092088364,82024.3618710264,39850.3626467131,65822.3374685143
"108",1346448.83819965,22812.6611752472,46553.3423297231,0,21479.3677072621,51072.4477909155,27701.3732696125,28467.2830578117,21397.6689941937,45210.1830286502,59857.7506970952,51268.931293297,28305.5505290576,37768.5016148893,26827.8242479002,26038.2989710343,462749.350925459,67581.8855898135,44805.599550376,27590.0920182406,55347.3230687542,81866.4731323319,108870.850581977,66907.2434009343,317958.783520329,62160.4801232541,4121454.32207173,29668.0537474641,271250.691308837,160233.352594772,87343.5338961875,258551.238928887,223421.564847395,329397.202478998,292301.529428344,296667.138305632,132198.211627847,169826.130903494,113672.616817679,208217.121399876,184953.950777678,242853.383917816,6.58020829956573,87498.6301809061,319177.294124749,187643.59852219,107926.584478762,334464.156738051,352325.831638279,7.75439551065506,1041253.88224764,270489.326364486,1346076.9787841,92159.4127994862,246804.996313204,386978.676077134,361140.956442035,25238.002321452,234783.473987166,43720.9177069229,133214.315028087,3306322.36056937,438468.334037276,308428.127131563,0,286382.115400911,363365.238666288,91236.4428828617,416197.1101195,306577.50489626,262214.368679011,1887765.11813908,87034.8696696512,331312.205489732,502041.389022202,461397.811612766,384141.539661148,218212.301234195,484974.453120579,456033.850872375,523201.300538505,531085.68420848,362650.003707849,318555.544767316,344644.03384845,208016.264621916,192136.276675895,99999.2537536165,171038.286476164,185439.61339185,197675.732242126,169624.116416453,202421.607911007,59179.2644716941,415378.064782828,184898.260973302,550128.657347422,171619.011435,183319.48754673,152285.536155044,104200.534059591,176607.40514352,164245.420808232,166951.170023059,396539.337260163,208752.561398446,198862.525560455,478803.331018396,6519409.98187464,222114.318504671,328482.379729932,271802.714653135,10950167.567225,510795.265756593,195765.908266849,328060.812467576,333754.97427036,486280.116639448,275026.646522987,39170.9220795029,440290.892480708,13824.6724369212,2511804.43316641,453624.898140254,27717.2533691526,46285.1961813787,3021195.64400924,100192.56287438,34375.2109648152,99824.9273661992,638184.924952976,34983.2250206279,1315171.22218078,4300.19438310464,4795.43718787461,26328.9894237556,46966.5658335548,92388.5342932447,660380.1980408,96388.6935477938,47037.8219598036,71149.4769405844,51318.7603893153
"11",674882.953215531,156.172856404676,40081.4908012232,21479.3677072621,0,47765.932200324,27740.7871639103,16568.5075566811,5320.59730029781,18445.8714765143,40773.8604256572,36277.8719091572,11884.4701108101,2810.46491093628,599.521935390982,56722.3348495321,241988.410610864,16221.6833204726,4251.21398193384,12621.2275704726,11693.238627862,171036.431346404,23419.6518040146,4918.00685181718,283167.348851067,80178.930429836,4481050.31002102,169028.2752662,121130.595039804,6339.2724463967,79683.6703972175,96185.0726053158,30922.2150629266,167834.354165328,147796.304059768,152345.321970721,18601.9243088854,14805.4250051986,280265.009386637,60162.7068195364,54553.9557686299,104330.537551664,179550.455942692,91769.020921925,136169.745655557,370862.303487468,59496.5572488044,136867.099104177,154148.59036181,209348.140911508,1299228.5558875,72487.1193898507,1611628.92815817,106586.039922764,41401.020821479,179065.538839438,190519.61724648,146094.083716374,72451.5219581952,241427.683259588,26020.5595337824,3509808.39924461,234879.061288039,118323.375232879,4939.28767272821,89834.5967471575,158377.345004635,124007.712934599,196443.325943358,89890.6844952436,43337.413494116,2092620.72669647,23818.5580570555,95496.4024053768,260303.827440018,227061.641968677,188722.904155856,436947.896413387,267386.732877056,212598.43525517,272729.889343031,279248.907937758,158912.833221994,125487.088165434,132370.943783527,110454.882196445,94694.173967553,32006.6379207135,70603.1228895909,85834.3674578112,98163.6384727426,61784.0271448077,97634.5683278422,179318.124697219,558613.860894707,92487.6795783104,711103.853665707,76028.4915238954,101861.781354629,65778.7067784464,11639.2074784021,89040.2986769203,83484.2558719184,85963.1201197771,517576.207879057,120726.726998125,109836.738332913,284371.75806389,6788338.9564125,129871.784294399,129759.10615522,161243.190727831,11150420.9647907,303330.650542845,108892.441288098,168875.743270137,105886.506969248,279461.078840376,148905.381370438,15602.6202664648,260575.48122674,2174.05196232188,2844910.25449321,264114.861602001,815.450923875608,2987.75963297737,3050575.64829147,59079.1803857653,2321.88280077448,46035.7768540288,905736.564726454,2565.60206835764,1871036.75843409,4000.40074751221,68693.6838615334,100592.44303238,129809.703133395,194290.37719964,879332.816280604,67070.6867337348,935.256129123657,38302.7887444635,9765.81971191356
"111",1856636.0582894,54373.5670098774,0.0146863064222436,51072.4477909155,47765.932200324,0,5422.61918285208,5166.4064247822,40877.0289308007,41871.4857504526,15511.4742101774,14930.9998519098,38528.3593201601,28731.8734310322,48251.5241419554,150660.30526731,644095.795344932,30086.4572692107,15472.8233396833,0.00386857501303667,131206.007380251,228862.907501385,77776.61254219,90551.4656260812,610222.226609859,253103.292099765,3983540.2786757,368335.804390264,77668.4903011181,167798.172488049,247882.654533449,112280.269325759,198086.822416964,57383.6260078026,49995.8626411171,44784.3200400866,181381.866599605,224189.446525595,386644.532805644,118852.316774413,102985.59858428,74860.4991901037,343876.884458642,276454.677212984,102503.928541867,500913.801526321,236912.288841099,117900.914892126,104783.416771861,414461.831450759,1379840.52410382,171977.176394632,1629949.76717144,294523.497448204,206267.927192667,96039.2049516738,48758.1422193854,305870.763908671,126741.869489023,425385.039151307,197963.224206785,4180688.07280187,33992.0480404665,143442.910428469,93475.8529030392,185535.417711754,114603.611679912,452262.368656366,91612.3513434271,209709.317191937,265542.99987368,2636512.06826485,25090.6464714999,229143.345424449,51228.3175589674,76599.8668322935,69458.4794137231,788861.238249548,18336.1093642363,110455.063250627,53363.7804897326,48328.0613579072,119507.461621518,141277.217928795,158544.240225992,23609.5424906876,34220.1361301644,30772.2189295432,53971.3763581012,42036.3135909808,35313.6424537002,68728.4234764649,40752.1026067766,251229.691689809,529576.094984834,34914.9398927542,616103.293181145,45118.3024014538,21398.2082766365,45853.3965336301,85472.6584132741,30511.2273765488,27725.9344308039,25184.4006141296,452617.181074814,5603.84728106674,14094.9143182934,0.227034055070964,7776877.94573928,0.538073615230217,151801.852642084,9.74448553968175,12485673.8175491,0.102573293796877,0.710847340758231,8.43766368010337,178937.204779975,0.10823676593752,0.82179303007147,35611.2096331758,0.344173226162225,70824.2021475174,3189794.10725974,0.0578581641727179,47356.2454746868,49212.5650935816,4611669.7691941,6138.13820297542,35394.8662308075,20647.563637874,885087.19721177,32720.068742567,1251659.20314172,85726.8472087749,115946.453708516,99811.4862033036,86637.2997928028,241629.867090287,974216.187560436,9482.11895208414,79192.9370414038,36754.2619399639,61132.9529915231
"112",1838462.51957285,31391.1558177306,7263.30016802296,27701.3732696125,27740.7871639103,5422.61918285208,0,1915.8714393471,17091.5252142783,12924.3320213907,7594.17037960369,6469.37790799398,13762.457276363,7629.86383397091,25749.1445985701,105436.234963463,663470.862792023,8346.05895511896,4611.95105807075,13261.567045659,87796.6934562931,159307.272392444,33168.6644392771,50198.0578271072,534780.161797239,204152.086129724,4129859.16904922,296888.643156488,9930.78089066326,106849.294414054,187079.924786469,40296.4203710998,116861.329652953,19352.146169439,17110.1547485086,22406.2014902507,123666.919953474,149782.197930173,343773.513285001,57511.4514249639,50136.2700656824,14118.0670153756,284249.492621733,210346.00303954,18910.1814847826,453864.851399531,175009.035705828,27711.6530232137,13221.080988613,339586.507902196,1342647.0774318,85174.8194891926,1610891.5419176,252953.837591142,117762.589770205,1539.37351404976,33346.0690622659,248410.145065031,57617.2950195857,359368.543473462,136487.61158452,3892958.48748813,76319.3085266839,34770.4266074584,67842.078020291,71637.9371462206,834.008978474169,318008.209758411,28159.8805632735,85800.258019538,138034.316538411,2413326.82188554,2012.34933182291,95471.3774048488,77655.7075958876,49495.5807641097,37901.823554775,639600.682004382,98326.0798425799,22202.9387597481,80428.6609481193,85977.1597159829,5129.04946913526,31074.6188730936,38604.276218862,20159.7395848795,7704.44621967423,2852.78082973388,13562.9622681806,260.838087625654,7899.36713649965,26044.2488822647,4531.65812676127,229232.834959274,540245.351761013,5016.66551708531,640261.485274963,6122.35277680154,15652.1166975317,11619.6622777324,55707.6222260997,6929.90329555404,6373.15074593235,9296.4228927265,483065.052388657,35833.8534733841,26376.1696011736,107650.803578619,7396557.78264899,54064.3717362962,37932.0767101681,64096.9294502688,11985015.7705331,114395.466789322,49441.1569013467,79895.4346168299,76417.9960808723,111667.278181817,67364.8354267042,9596.23740857587,99807.1928561672,46679.9060387084,2926291.49624746,103781.570179405,24717.8777736047,32623.8896735656,3990996.34186929,23712.193859681,13621.4051512285,13953.7592255321,730626.105276124,11282.8724941649,1124563.77329289,60632.6226444708,72945.730737079,66831.3279609141,61171.1860804007,174610.776091599,822220.377838297,17672.0766370646,39701.1441947341,8459.18591501545,27695.6509960474
"113",1873885.14102006,19421.4291260885,10083.1372053106,28467.2830578117,16568.5075566811,5166.4064247822,1915.8714393471,0,6731.96907364795,2083.3214749111,24450.7150308816,22022.5442367111,4217.12614455661,6176.43237507169,13217.9965897401,110966.875155937,656105.096496276,8748.35863974674,19253.4256070197,25264.5444656342,58936.3684818323,165569.957713397,1726.29617620988,24880.9530028206,535412.649798215,189000.707574724,3940266.68207326,226121.511899488,39292.7025599298,55103.2860203972,129912.842885282,13739.0889339266,51303.3162370816,72550.5802107924,63766.7770905221,68722.8164879635,73034.4259267758,86567.3186289522,284983.529901447,8191.60428030453,7101.75376107514,30926.8839335825,220683.808349372,148068.819969719,41890.0637272517,384996.14877516,116709.364197216,38247.5799009937,52754.7272459492,265109.422402945,1237493.1589295,18243.0499257595,1499832.37571212,230811.198033113,47849.6205426907,70776.2619273849,89475.1052991446,188145.471111573,3408.21054418971,287723.090627057,82833.8274691214,3899965.86933131,155996.240898514,37293.8818596697,58737.0868393756,1792.45424458365,77011.4104917347,241997.844291572,111699.955655481,5385.52084627772,57852.95264123,2382502.43843634,22022.5457632853,8348.18890097217,169761.631467856,138409.611000048,113468.10644553,572088.24570177,183349.071230754,114217.853202636,175929.729594589,182072.145835863,72642.4823409928,42210.1259824932,41280.8609239521,49603.4856382826,37558.5112839212,18565.8896645874,18156.6844140534,30622.3907067677,38575.1209833275,8690.04722142209,37139.1578863152,183802.737281959,477778.741435874,33567.2729483,572200.381179621,23637.723386811,40410.6692263462,15392.2130335011,25126.1599311767,33548.8799915402,30662.8544672195,33446.3260863028,423783.272338015,61065.2409959664,52384.2179090505,186830.495434376,7378800.41793656,96408.543240872,37210.8578956413,113369.246914341,12041667.332674,198185.941186793,88489.386130881,139420.321422606,818.950556550063,194113.868284086,118801.073146625,4742.65908367496,173688.65248451,35698.2089651087,2926909.62367572,180640.49215324,12034.983207006,15698.5525701647,4318353.39247634,48030.6038346486,157.739246370434,39341.8485113942,754304.647588519,2184.67940786658,1105459.07117762,51056.4546299137,65361.1843443633,59832.148058793,53297.8730810902,172360.41903197,837251.951701642,39100.1562192069,23975.0054107555,6956.69087600158,13736.5543377677
"114",1275421.81072629,5363.46154005424,38095.7615975262,21397.6689941937,5320.59730029781,40877.0289308007,17091.5252142783,6731.96907364795,0,4007.12382467721,15181.7644151294,12077.4984292665,1126.52094787518,6317.14979353717,2620.34149155193,9918.92910140522,558273.802024203,16860.2820980138,12221.6930584206,15152.8558526275,31532.7291370586,114103.705208738,11493.3834805679,6731.71177397198,293037.676928607,97482.7358016287,4752431.12424016,232096.954779442,81453.4061959995,38211.603766296,129565.018630645,51229.6434422944,22661.6636634626,124526.534954909,111646.914913486,117520.133269034,62725.4611518443,67976.3813600994,334524.693602782,20526.6524070144,18500.1527023739,68980.8585042824,237070.576352413,146107.985084011,88476.1831061837,439437.621989397,110407.62245031,85874.024322506,103352.015576174,275500.053438594,1414452.37034816,18419.9388791242,1737523.80625607,153342.91735693,15505.1412357097,126062.823131499,145851.458801909,200416.19446487,29311.5958626147,307476.674099225,72446.5672383941,3329817.38789378,168153.778603702,63560.3811133681,23185.2637998989,35099.0850105148,99433.3236463967,169474.568572052,132355.70491309,32178.5966732528,12301.8572217775,2017812.02484932,27930.8551188578,33059.9697665661,188097.197226875,158720.286112043,128433.955144527,458628.997531038,195825.33755842,141281.396022428,196783.010763691,202586.387989287,97290.8287802005,68792.4077074194,71716.8976209083,90324.2357575481,73571.155493746,30824.8326867007,46848.905106331,63829.4768489437,75543.5521536499,34960.7560527034,73626.5433181012,227495.380652349,636190.542334216,69309.624087473,790954.826954067,54065.6317897806,80172.9244645788,42691.9126439718,16083.1309660047,68662.9929762651,64593.7503594921,68241.9729127428,601268.740388628,106154.54285474,93874.9825028326,206729.348391756,6627334.38982839,85658.6591640368,68225.2923463883,109626.740228692,10827239.1665715,221757.328951991,71849.6183977511,131524.010175369,46458.1008719386,205701.084388899,107135.713699758,2680.65418432908,188110.61900516,12860.6835691256,2612817.6803159,192164.869097322,2015.73538815486,8003.44230882514,1996077.67078763,28968.1687106923,3351.40965114266,24639.2773136173,713278.030284354,4309.15275639164,1654297.22806472,19623.9317766674,62321.2392966744,96499.8040982908,126366.036417488,153272.031195984,711821.019778513,33847.6160682672,10031.5324266551,15798.4772334113,4935.672342447
"115",1807280.59045085,18180.2062960092,41222.6312345654,45210.1830286502,18445.8714765143,41871.4857504526,12924.3320213907,2083.3214749111,4007.12382467721,0,3432.91852000293,3390.62033062433,2473.31247933999,3807.22926891476,13025.856911966,65033.5329374493,840154.128900793,8727.52045111089,15190.5521618508,25984.9387453669,54501.0893109232,80090.0144498917,5167.1687512352,21278.2879919931,325527.588229506,123949.515353905,5095483.40587667,296805.335455126,44477.6554512674,82108.7227957454,180595.940331381,9386.7707156066,74917.7131280105,85940.5354048781,78226.6920275572,85007.1192181368,106690.978129301,120570.263014774,395921.565336373,19042.3801009123,17186.2372677,34872.9006175841,297544.442090428,201568.420828504,43862.5688639319,514358.430357999,162601.769476194,37798.1648827289,55871.9160712065,343388.215356442,1544607.57352314,33088.7841855333,1884307.78898565,200406.518593357,70200.719245029,77053.6703241842,106116.896319098,257456.144750479,13095.8555189331,376355.52298495,118602.756895487,3139028.37500823,115279.705001363,21779.0839156253,52079.3306188197,5965.06948076989,52877.9004293521,201993.946183834,80961.9583786202,12519.5722622022,54651.6606800219,1929224.14954528,22600.6755727047,15855.8496289576,129256.501741278,103255.910581899,80918.9004740479,467168.965807198,138585.106196268,84115.8794242142,135106.677845307,140276.434384167,49686.9254805022,25652.0551079062,24804.1764234436,70327.4973334172,52026.9943704256,21086.2294248524,21826.4191064055,40897.4537385077,53089.6901729381,6742.38863403227,49621.9815640936,283020.596345768,733104.638035513,47252.1749721373,899657.708149666,31064.790451881,61148.2017042972,19809.2625375031,46089.2892350804,48620.5290308906,46025.4429263172,50480.5935712566,707028.607675542,91608.7137913946,77603.09942045,147196.396412157,6437082.50568099,53873.6761334796,22362.0783994664,71828.4497069506,10465521.8071607,158942.996786581,45507.6341909569,99258.6502367954,10494.1196918797,147489.647029139,74756.9633283807,631.080257632858,132711.624015538,32219.4927378421,2399444.19733557,136317.91704719,11836.3953920431,26143.8197322889,1260365.91192887,11122.9250115491,1683.5751684171,13557.682802136,585597.21036113,332.889539212641,1651064.48385101,45453.6849203673,61850.2612965044,109980.915144818,151132.570181169,128293.347650199,573440.103219651,14926.3478904113,12337.024232811,4165.70702227152,12342.158516848
"118",1998208.39333876,39924.431469079,15565.7612619358,59857.7506970952,40773.8604256572,15511.4742101774,7594.17037960369,24450.7150308816,15181.7644151294,3432.91852000293,0,54.0200121797561,7073.98568788736,15586.858824269,34432.2219644302,83761.6092484957,917609.983991068,24297.9518109052,2752.96747184036,10680.3007938749,99999.535049439,60428.7317040725,49612.5482130711,56005.0546093553,399653.358174961,168497.528896222,5130799.20735549,403598.545185253,47788.8241532569,170086.652182356,270886.407170333,87265.9246685792,184516.21053697,13725.0312166897,12522.9802883743,5675.03661563312,191033.709188461,224196.263337035,474323.563433523,108176.447724587,97187.8116839742,51245.305153361,391923.692396917,299370.251127611,64526.3493491526,605418.117889279,256953.211377956,77609.097825076,60335.2479541239,453436.819646908,1647582.73359001,146426.487945774,1977726.08537799,255781.280059025,186160.046216916,44567.8672825392,1341.07690052366,348774.414389779,109535.17796543,480514.312504711,206784.72139951,3271056.79461877,28480.75466414,59251.1293299922,77786.8831413413,90607.1353845454,34712.0162350228,301854.543503977,13380.688604812,107626.707133843,151646.018101853,2053490.52843005,10943.5319599545,120624.446798552,24718.3329820389,2123.02784235946,1468.89512994408,566195.488764867,44856.3954167422,22649.5310374082,25639.5416931511,30152.4151514678,38135.3773569,56963.5459374444,67347.9043001941,3386.365528742,14167.7520148095,19892.3330784484,44788.8820366646,25842.9955255951,14437.6742644464,63104.9254531595,20256.0512884942,347590.576130629,788214.805939424,17113.8599013631,944741.954354582,33502.2074151953,766.508452000851,40292.3650604821,105909.652297025,13190.865746067,12474.4241207127,8071.47525814932,753889.113928143,29005.2239439298,14958.921025538,55959.7485036546,6655342.78622204,21135.7063898213,64673.2275047663,27613.3260980728,10721850.1007007,60396.9877687913,18632.1377058684,40053.3854738156,139966.483916024,56933.6021380186,30075.8551588404,6743.54707333729,50583.5593878762,55814.2901078681,2451246.9815959,52354.9930990962,33014.0170522699,61919.4123092325,1649966.85772734,4293.33116058477,21577.5206690617,823.963875909364,532484.110362477,19098.5202582991,1535164.29451859,70312.3071039454,66995.0502342616,120202.460870831,161273.172012756,120586.175683287,553903.794960399,2746.78512996749,19868.1736605517,12598.8838562955,25063.3444602402
"120",1871971.23501056,35528.4472332172,14893.7081386922,51268.931293297,36277.8719091572,14930.9998519098,6469.37790799398,22022.5442367111,12077.4984292665,3390.62033062433,54.0200121797561,0,5197.38822303605,13606.8549498211,30620.6197560264,67404.7163172708,849642.563170564,21988.7000055512,2034.24225023228,9726.03910742644,95559.4807607699,68368.5254898712,46873.0262044765,53132.1800755376,389750.524373213,161822.773331746,5047754.63597811,394804.762054243,44717.4566800278,165145.076624925,264387.43180183,83587.687489884,179069.141006146,11095.7712144708,10087.5213042841,3362.56771736161,185891.123173378,218252.768074164,464232.54490527,103868.880863291,93235.0154186925,48128.6229165694,383236.851207773,292222.392698794,60909.4450452677,592715.320304539,250084.499937119,73656.2264496833,56627.6816900158,444272.960365517,1622677.90338817,141615.829552751,1948002.24908646,245139.224039866,180788.001612727,40985.8124117561,3874.26112349654,340655.899028254,105207.353244385,470449.471066417,201453.57007964,3327471.55328971,31317.2382444553,58427.7419698862,69637.6378534939,90408.0827733742,33060.7660149107,304132.18900342,11155.3635203618,107021.097424763,151774.542283323,2085388.06789246,9488.59825883187,119798.410003224,27798.8765621202,4775.20422726737,645.64536486423,574721.052965773,48140.5840665655,20254.0371171442,28859.5316141352,33457.1100425797,36663.7267429083,56085.3161107884,66264.641887368,4904.53745678359,12168.6802533491,17892.5252545112,41908.9470620277,23495.9098998666,12417.0959997055,59716.574552587,18034.4535451303,337043.592622177,766444.107939254,15105.58950239,919206.661745928,30965.8666992125,2185.16101400853,37688.8320086672,101375.068714643,11319.0542718125,10685.5992286456,6411.9236095355,728730.840076921,29614.7311638079,16005.4692377595,59607.6994064251,6717640.70369803,23192.9134255477,63999.4781423462,30047.4149802322,10825538.5058898,64222.9036927179,20276.7586961857,41942.456702593,134877.636014018,60503.4805951187,32069.6157996795,5387.77948984377,54007.6073879781,49912.5397554194,2513525.14370551,55802.1962393843,29340.0154367618,57301.6195480631,1734759.98041612,5092.24409082248,19011.1984075292,1246.61628714345,565478.77743785,16752.9639627345,1521807.18230445,62870.3542829532,68345.1700140244,116262.817878332,153187.477180835,128553.292557533,593269.2472807,3635.76549689018,23146.9933664998,12717.5589853589,26050.1682225056
"121",1878875.12604632,12733.7044397987,39253.914955956,28305.5505290576,11884.4701108101,38528.3593201601,13762.457276363,4217.12614455661,1126.52094787518,2473.31247933999,7073.98568788736,5197.38822303605,0,9995.07587159868,7307.53052697876,56253.1812674537,797438.242112415,18592.0997381167,21612.9012842778,27798.4146091171,45572.4703535426,50320.9590852506,9123.48854592851,13260.2472191306,396023.852263283,140889.088751707,4737175.17320599,244205.760246796,69862.7660467643,47709.7251456231,137843.408008308,39044.1355358802,35413.7335547154,110718.143772247,100432.862801078,106808.280278672,70970.7170509527,79569.4948546097,337251.847298743,10282.3033510839,9168.51573509022,58938.4946792884,246170.097069204,156312.821964407,75211.391217347,449180.877911955,121328.541698798,72092.7985557008,89310.5614092282,286997.533585524,1421008.36871092,4968.58160468422,1739080.11448358,206688.394706719,29015.636923501,111147.881210211,131487.841828023,209345.625546979,18146.2648769306,319324.387713361,80992.5599277682,3313477.31583306,154535.614160432,52317.3420205102,47618.0011078107,23478.1726168683,88214.414004538,182837.463622415,120402.067316054,19917.2127693288,24696.4218005653,2023136.64395893,33415.3421404378,19646.8488479416,174725.207854341,146196.601317056,116952.460530543,463658.584919103,181040.261250044,126860.647155919,181834.461069277,187464.279841967,84217.4444434552,56869.5295656031,59009.6162378878,84103.1452615104,67327.7112863086,33238.038190296,40228.2928175011,57569.0293818014,68640.8125634483,27650.3056174354,66488.4798826447,236092.292370572,643560.143580503,61789.6639640576,788165.43037911,47807.5954225478,72077.4995848746,35770.6528830126,22881.2172731312,62193.4254549364,58499.0146736721,62634.0151709866,615850.316504786,101630.19546974,89062.5968141311,183259.000159714,6654106.59014324,76451.021451132,53921.6644380996,96190.6618766248,10867152.2501353,196877.785623531,68634.1466797922,133878.246445654,31359.8602170618,188282.323971342,104295.405612776,4148.38334476902,167017.329107087,27194.7670244991,2458405.02514363,173468.5408033,6161.28485159242,14026.2172359648,2243317.48480781,26316.2182734447,4318.15145654921,27897.9869583337,509776.281383993,6317.55288863878,1309306.0979572,40780.2817649497,39196.6518436376,72189.7816044006,101903.528525316,96799.5396964048,565459.257410671,19394.5674218089,7716.94250668664,7888.80887520088,4658.13655831216
"122",662701.946065573,318.88539181396,24764.4522400937,37768.5016148893,2810.46491093628,28731.8734310322,7629.86383397091,6176.43237507169,6317.14979353717,3807.22926891476,15586.858824269,13606.8549498211,9995.07587159868,0,121.840324711673,65568.2169588148,302949.277871448,863.797449480918,112.668343954948,8353.24965025435,40121.4656597183,198567.77555038,9062.69111576398,17287.5855974972,277666.08633059,90349.7231932295,4708253.53560981,295278.181284456,22612.3577890452,94912.520732595,187829.63386733,10928.7443198844,91401.2964242795,60592.7576908815,53559.3300483112,59293.192896652,118236.164560596,133020.504070924,385917.591472764,34399.4575420969,31282.9035969001,14640.9909682887,294414.917510283,206670.868650792,18973.5124875818,488458.562210751,166715.994703944,11932.6040549676,28604.1076368391,342051.062021852,1462418.17669727,53945.3051149974,1778171.08539934,125899.762580584,89280.9827721571,47454.3094183825,78441.1647013757,256110.328684771,30796.8405870604,367332.997822797,130576.784210373,3568706.15875348,110992.314294187,5323.2216974962,669.889722023604,27755.5705635675,38506.6993459811,246316.217018319,67689.3864294494,36402.8569168881,84008.2436746892,2181673.31265314,7151.74345677218,41941.0562808685,117776.276331136,89928.6967735242,72383.5691114482,556501.503752088,134749.103435459,68073.4165960171,123455.900867256,128991.37303611,35710.3703924844,9407.65188867744,5962.46803915732,47621.1282813999,32020.1741176247,7063.73939473335,6285.68073310369,22373.7134366671,33142.1770874997,7122.49250180076,29789.2499459486,259061.907532788,652987.446795138,29210.3386543448,810169.00524906,14430.0794836984,42789.534580769,5872.61898171748,50970.953457103,30185.4050777477,28384.1856801301,31794.7138982785,602298.085690707,65030.9839985562,53369.7985380472,152290.176096536,6899404.15570656,67815.1571263492,4364.30620986904,85033.1148297077,11195108.1070123,162658.150231989,56087.6855872924,88377.2383888439,35531.1230650023,148857.108601794,77555.3664100378,1131.52587747109,139192.3881496,460.945226525856,2924186.07395621,140762.901854884,268.700293359947,16847.9849862719,2824838.31131632,27984.1531387347,87.4865752882893,17226.0103019324,950484.147050642,72.9086655576957,1974000.46304114,781.498942340764,106478.553133443,141113.582502727,170273.781596278,233336.333580398,921937.732448554,31426.8026625112,34682.8503727078,0,28237.6940301722
"123",646765.330563215,89.3941824642532,41614.7353073252,26827.8242479002,599.521935390982,48251.5241419554,25749.1445985701,13217.9965897401,2620.34149155193,13025.856911966,34432.2219644302,30620.6197560264,7307.53052697876,121.840324711673,0,57181.6405223122,293884.334759307,14544.4435023827,472.947286828831,14247.7416841021,17040.9640713856,175630.671654756,16040.1280524781,0,257426.520931107,74235.0642577932,4621080.37803675,198329.936935808,103680.882471278,14374.1472781303,103751.578738438,76200.2782743616,6327.92533877924,149312.94851159,131984.368699149,136927.974151794,39573.7003910645,39456.1873829172,308868.9417077,42179.5950387925,38367.4795577225,88554.288097468,207114.831534804,117389.384027972,114732.689041787,403339.485237405,82932.6485783958,113686.035574675,131143.069761947,240583.837718557,1355648.78368232,47796.930322313,1675208.98330983,105372.547454665,15236.0213294046,155112.476388921,171315.758933558,172059.591643249,52831.0419053511,272156.57640167,48153.0571318408,3465264.41929661,205388.520699727,92878.2758638071,616.887659714398,64107.3092307099,130781.322639416,146990.086863985,166533.523959531,62359.356288789,16411.2217164098,2076935.64719887,21369.5368086526,65698.6715049078,226866.787185045,195098.945366386,161256.463814658,454718.528413463,235833.713206696,179651.556743207,237989.209128136,244240.517428881,130929.973685662,99401.1053633997,104167.256512364,101471.419689959,85216.730731522,28575.7722468887,59883.975445248,75846.4512425643,88212.0375247087,49670.688112059,86948.5718463352,201755.833846177,597026.15712747,82786.0146132366,756324.136121346,66172.4071445905,93537.5575461429,55972.8853131125,817.72036129214,80360.6776900244,75576.1550613987,78398.062532675,556649.859597813,114023.57988929,102525.822886648,254287.169030742,6736745.69861428,113190.989287548,102276.11409391,141966.53296888,11034220.7032483,271603.556914826,93554.2127611855,147292.555704824,78504.279345105,248452.610142144,129325.555141499,11063.3902184384,232401.167692292,154.825867552869,2830333.60207956,234976.928497304,13.8341316784175,801.006392203207,2804086.0826682,49550.3266224273,157.514679466656,36596.7927130822,914318.125622772,322.366703764618,1940695.3762314,673.030880080499,77231.5414489842,112305.636368457,144226.083009472,202594.714912574,878912.163467345,58521.521359506,6426.3709032516,30662.9241200045,1962.19526653911
"145",1166164.43821783,52672.9937663394,139997.245894912,26038.2989710343,56722.3348495321,150660.30526731,105436.234963463,110966.875155937,9918.92910140522,65033.5329374493,83761.6092484957,67404.7163172708,56253.1812674537,65568.2169588148,57181.6405223122,0,431768.883849803,157726.563076957,70456.9242540735,52673.9985874524,173653.004076208,15995.0688747619,233898.603840244,152061.896875996,164021.527608028,31283.1278175483,4068660.95119003,420877.051039953,616380.285123745,491423.234489925,426541.610121364,622577.645815608,629812.400440813,704819.773136678,630892.176469649,633983.805282119,452059.263666028,555118.063432903,180220.836751704,535552.364776271,481461.289793839,561901.844165422,348298.791825179,450080.696418927,723663.798432107,139842.59207719,453429.609321004,763780.798848179,785324.155468473,405738.666821084,676751.474148161,693586.427353836,1018975.69599529,28056.0960542767,679183.867802938,840928.439454848,755094.566283364,362477.6184107,590318.07412229,335703.712487383,467612.204204207,2722475.6005327,770653.812875409,620687.881937917,34796.6983367087,616085.697920176,695526.915870969,470418.135055687,773163.565252124,668750.171201198,633164.42080377,1378233.68661194,179171.4250623,729333.332217353,897115.572006274,843101.522136781,698404.835659603,181109.935923381,842803.351649075,862060.627218201,938326.634238486,948703.6930211,701979.225172455,638826.019574821,699087.457728254,453800.856035791,433931.759810533,223536.620940096,412201.248397124,427974.143208664,445713.430704464,422189.737833656,458739.33271611,166055.529091593,239190.790216217,423565.478472011,405668.745467097,405940.170158545,409624.006713389,374159.772871684,320893.063163283,403977.356268043,379334.37301463,381373.216217047,267190.157229824,438723.739952496,428107.699680379,835140.853004716,5640809.81373938,353683.428915342,675517.705968798,448541.807710901,9903386.54007644,894963.47985047,300107.979821643,540032.629827587,812067.131295324,834675.503712823,442227.757426883,40839.1832002291,761442.195271696,46560.7394921462,2057296.27442435,779344.909988967,57347.571791753,142654.582525317,2085994.60629404,134759.715804417,62159.5855170747,139134.188252359,513360.928633169,61524.8234882773,1384443.26631395,37856.6408372508,77712.517819156,55915.1003974635,20001.9032042767,2541.7629363801,480321.284783044,155881.738809009,119277.473493056,159676.066375858,136465.633920541
